nullLeBron James
IND
38.5
26.2
9.7
18.1
5.3
7.1
1.3
3.4
7.8
6.9
1.7
0.8
3.0
Kevin Durant
BOS
38.6
27.5
8.9
18.0
8.2
9.0
1.7
4.1
7.6
4.9
1.5
1.1
3.2
Russell Westbrook
BOS
36.9
24.3
8.5
19.5
6.1
7.6
1.2
3.8
5.1
7.5
1.8
0.2
3.5
Kobe Bryant
CHI
38.5
26.0
9.2
19.9
6.1
7.3
1.6
4.7
5.2
5.7
1.3
0.3
3.4
Dwyane Wade
IND
35.7
22.2
8.4
16.7
4.9
6.6
0.4
1.6
5.6
5.2
1.7
0.8
3.0
Blake Griffin
DET
32.9
19.0
7.6
14.1
3.6
5.4
0.1
0.3
9.1
3.7
1.3
0.8
2.3
LaMarcus Aldridge
NO
37.6
20.1
8.1
17.3
3.7
4.7
0.2
0.7
8.8
2.7
0.8
1.2
2.0
Kyrie Irving
TOR
36.1
23.2
8.5
18.3
4.4
5.2
1.7
4.3
3.8
6.0
1.6
0.3
3.0
Dwight Howard
CHI
34.5
15.8
5.9
10.8
3.7
7.7
0.0
0.1
11.1
1.5
1.0
2.2
2.8
Joakim Noah
LAL
37.2
12.2
4.7
9.8
2.8
3.8
0.0
0.1
10.9
3.7
1.2
2.1
2.6
DeMarcus Cousins
MIL
32.2
17.3
6.4
14.4
4.3
5.8
0.2
0.5
9.6
2.9
1.5
0.7
2.9
Chris Paul
DET
32.3
16.6
5.8
12.2
3.9
4.4
1.1
3.2
3.7
8.4
2.2
0.1
2.1
David West
MIA
34.2
17.9
7.1
14.4
3.6
4.7
0.2
0.5
8.3
2.9
1.0
1.1
2.2
Paul Pierce
OKC
35
19.8
6.8
15.9
4.3
5.5
1.9
4.9
6.4
4.5
1.2
0.3
2.8
Paul George
MIA
37.7
17.4
6.4
14.9
2.7
3.3
2.0
5.3
7.4
4.2
1.7
0.6
2.9
Monta Ellis
SAC
37.7
19.1
7.2
17.4
3.5
4.5
1.1
3.9
4.2
5.8
2.0
0.5
3.1
Jrue Holiday
ORL
37.6
17.5
7.0
15.9
2.5
3.2
1.0
3.0
4.1
8.3
1.6
0.4
3.5
Greg Monroe
LAC
33.1
16.3
6.4
13.4
3.5
5.1
0.1
0.4
9.5
3.2
1.4
0.7
2.9
Brandon Jennings
SAC
37
18.7
6.7
16.3
3.1
3.8
2.1
5.6
3.4
6.6
1.8
0.2
2.6
Kevin Love
DAL
28.9
15.0
4.9
13.5
3.9
6.0
0.8
3.6
11.3
1.8
0.6
0.5
1.9
Nicolas Batum
NO
38.3
16.7
5.7
12.8
3.2
3.8
2.1
5.5
5.7
4.6
1.3
1.0
2.7
Rudy Gay
CLE
36.2
18.2
7.0
16.8
3.4
4.2
0.8
2.8
6.1
2.8
1.5
0.6
2.5
Thaddeus Young
ORL
35.7
15.7
6.7
13.1
1.7
3.1
0.3
0.7
7.5
1.8
1.7
0.8
1.3
Dirk Nowitzki
MIN
32.1
17.3
6.3
13.9
3.6
4.3
1.1
2.8
7
2.5
0.7
0.8
1.5
Carlos Boozer
LAL
31.3
15.9
6.6
13.7
2.5
3.4
0.0
0.2
9.3
2.1
0.8
0.5
2.1
Greivis Vasquez
POR
35.5
15.1
5.9
13.5
2.1
2.6
1.1
3.0
4.3
8.9
0.9
0.1
3.1
Kevin Garnett
OKC
31.6
15.6
6.4
13.5
2.6
3.4
0.1
0.5
7.9
2.3
1.1
0.9
1.9
Chris Bosh
IND
33.8
16.5
6.5
12.6
3.3
4.1
0.3
1.0
7.6
1.5
0.9
1.2
1.8
Nikola Vucevic
PHI
32.7
12.4
5.5
10.7
1.4
2.0
0.0
0.1
11.2
1.7
0.7
1.0
1.7
Damian Lillard
NO
38.4
18.5
6.7
15.8
3.1
3.6
2.1
6.0
3.3
6.1
1.0
0.2
2.7
Kyle Lowry
CLE
30.5
14.2
4.5
10.3
3.7
4.6
1.4
3.6
5
6.2
1.5
0.4
2.3
Luol Deng
LAL
38.8
16.6
6.3
14.6
3.1
3.8
0.9
2.8
6.5
3.0
1.1
0.4
2.1
Serge Ibaka
BOS
31.8
14.0
5.7
10.4
2.4
3.1
0.2
0.6
7.7
0.8
0.4
2.7
1.7
Nikola Pekovic
DAL
31.5
15.8
6.1
12.0
3.5
4.7
0.1
0.3
8.6
1.0
0.7
0.8
1.8
Anthony Davis
POR
28.8
13.3
5.4
10.5
2.4
3.3
0.1
0.3
7.7
1.0
1.1
1.6
1.5
George Hill
MIA
35.6
16.1
5.8
13.0
2.8
3.5
1.6
4.2
4.1
4.9
0.9
0.4
1.9
Jameer Nelson
PHI
35.3
14.8
5.5
13.5
2.1
2.3
1.9
5.6
3.7
6.8
1.2
0.2
2.7
Larry Sanders
SAC
26.7
9.3
4.0
7.7
1.2
2.0
0.0
0.0
8.9
1.1
0.7
3.0
1.3
Roy Hibbert
MIA
29
11.0
4.6
10.3
1.9
2.7
0.0
0.0
8.7
1.5
0.5
2.5
2.0
O.J. Mayo
MIN
35.2
16.9
6.1
13.4
3.1
3.7
1.7
4.3
3.9
4.5
1.2
0.3
2.7
J.J. Hickson
NO
29.3
12.8
5.2
9.0
2.4
3.4
0.0
0.0
10
1.1
0.5
0.8
1.7
Evan Turner
ORL
35.9
14.1
5.5
13.2
2.2
2.9
0.8
2.2
6.2
4.3
1.0
0.2
2.3
Ryan Anderson
POR
32.1
16.7
6.2
13.7
2.2
2.6
2.3
5.7
6.5
1.4
0.6
0.4
1.3
Tyreke Evans
MIL
32.3
15.6
5.6
12.3
3.5
4.6
0.8
2.4
4.5
3.8
1.4
0.4
2.3
DeMar DeRozan
CLE
37
18.0
6.5
15.0
4.2
5.0
0.8
2.3
4
2.8
1.0
0.3
1.9
Shawn Marion
MIN
30
12.2
5.1
10.1
1.6
2.0
0.4
1.0
8.2
2.2
1.0
0.7
1.7
Andrei Kirilenko
DAL
32.7
12.7
4.5
9.2
2.7
3.5
0.9
2.6
5.6
3.1
1.5
0.9
1.9
Tristan Thompson
TOR
31.3
11.5
4.6
9.5
2.1
3.3
0.0
0.1
9
1.3
0.7
0.8
1.6
Arron Afflalo
PHI
36.3
16.9
6.2
14.0
3.3
3.9
1.3
3.9
3.8
3.4
0.7
0.2
2.2
Ersan Ilyasova
SAC
27.2
12.5
4.7
10.3
1.9
2.4
1.2
2.7
6.9
1.7
0.9
0.5
1.0
Amir Johnson
CLE
29
10.3
4.2
7.4
1.9
2.7
0.1
0.2
7.5
1.8
1.0
1.2
1.3
Jose Calderon
LAC
29.9
12.1
4.5
9.5
1.6
1.7
1.6
3.6
2.7
7.1
0.8
0.1
1.7
Ricky Rubio
DAL
29
9.4
3.0
8.3
3.1
4.1
0.3
1.2
3.5
7.2
2.2
0.1
3.0
J.J. Redick
SAC
32.3
15.7
5.5
11.9
2.7
3.0
2.1
5.4
2.7
4.3
0.7
0.1
2.0
Tobias Harris
PHI
29.9
13.7
5.2
10.8
2.3
2.9
0.9
2.2
6
1.2
0.9
0.5
1.6
Eric Gordon
POR
30.2
16.9
5.8
14.2
4.1
4.8
1.4
3.9
2.3
3.5
1.0
0.2
2.7
Jamal Crawford
DET
29.9
17.3
6.2
13.6
3.2
3.7
1.7
4.3
2
2.8
1.0
0.2
2.0
Steve Nash
CHI
33
12.4
4.6
9.4
2.0
2.2
1.1
2.8
2.9
7.0
0.7
0.1
2.8
Wesley Matthews
NO
34.1
14.8
5.1
11.9
2.5
3.1
2.1
5.5
2.9
2.9
1.2
0.3
1.5
Dion Waiters
TOR
30.7
15.4
5.7
13.6
2.6
3.4
1.3
3.7
2.7
3.3
1.0
0.3
2.0
Spencer Hawes
ORL
26.9
10.7
4.4
9.8
1.7
2.2
0.2
0.7
6.9
1.7
0.3
1.5
1.6
Brandon Knight
LAC
32.8
14.3
5.2
12.5
2.4
3.2
1.6
4.4
3.4
4.4
0.9
0.1
2.7
Vince Carter
MIN
25.5
13.4
4.6
10.3
2.3
2.9
1.9
4.6
4
2.1
1.0
0.5
1.4
Jason Thompson
MIL
28.5
11.1
4.6
9.2
1.8
2.6
0.1
0.2
6.9
1.0
0.7
0.7
1.2
Metta World Peace
CHI
32.1
11.8
4.2
10.5
1.6
2.2
1.7
4.9
4.9
1.5
1.5
0.5
1.3
Robin Lopez
POR
26.2
11.1
4.5
8.3
2.2
2.9
0.0
0.0
5.8
0.8
0.5
1.6
1.2
Luke Ridnour
DAL
31.6
12.8
4.9
11.0
2.0
2.4
1.0
3.1
2.9
4.1
1.1
0.2
1.9
Al-Farouq Aminu
POR
28.1
8.0
3.2
6.6
1.4
1.9
0.1
0.3
7.7
1.5
1.2
0.7
1.6
Isaiah Thomas
MIL
27.3
13.6
4.6
10.4
3.4
3.8
1.1
3.3
2.3
4.0
0.9
0.1
1.8
Derrick Williams
DAL
24.5
12.1
4.4
10.2
2.5
3.6
0.7
2.2
5.9
0.6
0.7
0.5
1.4
Eric Bledsoe
DET
22.7
10.2
3.9
8.3
1.9
2.5
0.5
1.2
3.1
3.4
1.5
0.7
2.0
DeAndre Jordan
DET
24.6
8.7
3.6
6.0
1.3
3.2
0.0
0.0
7
0.4
0.6
1.4
1.3
Matt Barnes
DET
26.2
10.8
4.0
8.6
1.4
1.9
1.3
3.5
4.6
1.5
1.0
0.7
1.2
Juan Jose Barea
DAL
24.5
11.9
4.5
10.5
1.9
2.4
1.1
3.1
3.1
4.4
0.6
0.0
2.1
Elton Brand
MIN
22.4
8.1
3.3
7.0
1.3
1.9
0.0
0.0
6.4
0.9
0.7
1.3
0.9
Andrea Bargnani
CLE
29.3
12.8
5.0
12.3
2.0
2.4
1.0
3.1
3.8
1.3
0.6
0.6
1.5
Earl Clark
CHI
24.9
8.8
3.5
7.3
1.3
1.9
0.4
1.1
6.4
1.1
0.7
0.8
1.2
Nate Robinson
LAL
23.4
11.1
4.1
9.9
1.6
1.9
1.3
3.4
2.3
4.0
1.1
0.1
1.6
Marreese Speights
TOR
20.5
10.1
4.0
8.6
2.0
3.0
0.0
0.1
6
0.7
0.4
0.8
1.2
Kevin Martin
BOS
28.6
13.6
4.5
10.2
2.7
3.0
1.9
4.6
2.6
1.4
1.0
0.2
1.4
Kirk Hinrich
LAL
29.4
8.2
2.9
7.2
1.3
1.8
1.1
2.7
3
5.3
1.0
0.4
1.8
Mike Dunleavy
SAC
26.5
11.1
3.9
8.5
1.8
2.2
1.6
3.8
4.1
1.9
0.6
0.4
1.2
Jeff Green
OKC
26.2
11.4
4.2
9.5
2.4
2.9
0.7
2.1
4
1.3
0.7
0.7
1.5
Darren Collison
MIN
24.3
10.2
3.6
7.7
2.4
2.6
0.6
1.7
2.5
4.3
1.1
0.1
1.8
Marcus Thornton
MIL
25.4
12.9
4.5
10.6
2.1
2.4
1.8
4.8
2.8
1.4
1.0
0.1
1.1
Alexey Shved
DAL
27
10.7
3.8
9.5
1.9
2.6
1.2
3.9
2.5
4.1
0.8
0.4
2.2
Tyler Zeller
TOR
27.4
8.1
3.2
7.3
1.8
2.3
0.1
0.2
6.2
1.4
0.5
0.9
1.3
Alonzo Gee
TOR
30.8
10.0
3.6
8.8
2.1
2.7
0.8
2.5
3.9
1.9
1.3
0.4
1.6
Avery Bradley
OKC
29.2
10.7
4.4
10.4
0.9
1.2
1.1
3.2
2.8
2.1
1.3
0.4
1.5
Dante Cunningham
DAL
25.3
8.6
3.7
8.0
0.9
1.6
0.1
0.5
5.2
1.0
1.0
0.5
0.8
Jason Maxiell
LAC
25.1
7.4
3.0
6.6
1.4
2.2
0.0
0.0
6
0.7
0.5
1.3
1.1
John Salmons
MIL
29.8
9.7
3.5
8.5
1.3
1.7
1.4
3.5
2.9
3.1
0.8
0.3
1.2
Lance Stephenson
MIA
29.2
8.7
3.4
7.6
0.9
1.4
0.9
2.6
4
2.5
1.1
0.2
1.3
Jason Terry
OKC
28.3
11.1
4.0
9.2
1.5
1.7
1.5
4.1
2.1
2.7
0.9
0.1
1.3
Thabo Sefolosha
BOS
28.3
7.5
2.8
6.0
0.8
0.9
1.2
3.0
4.1
1.6
1.3
0.6
0.8
Ray Allen
IND
26.8
10.7
3.6
8.4
1.9
2.2
1.5
3.9
3.1
1.7
0.8
0.2
1.2
Patrick Patterson
MIL
22.6
9.8
4.1
8.1
1.0
1.3
0.6
1.5
4.3
0.9
0.5
0.5
0.9
Brandon Bass
OKC
26.8
8.2
3.3
7.1
1.6
1.9
0.1
0.3
5.2
1.0
0.6
0.6
1.0
Rodney Stuckey
LAC
25.8
10.0
3.5
9.1
2.3
3.0
0.7
2.5
2.6
3.1
0.6
0.2
1.5
Mario Chalmers
IND
26.3
8.3
3.0
6.8
1.0
1.4
1.3
3.3
2.3
3.4
1.5
0.1
1.5
C.J. Miles
TOR
22.3
11.3
4.1
9.7
1.5
1.7
1.7
4.6
2.8
1.3
0.7
0.2
1.2
Dorell Wright
ORL
22.1
8.5
2.9
7.0
1.5
1.9
1.2
3.3
4.1
1.6
0.7
0.4
0.8
E'Twaun Moore
PHI
24.2
9.5
3.7
8.8
1.0
1.2
1.1
3.0
2.4
3.2
0.6
0.3
1.7
Kyle Singler
LAC
28.1
9.2
3.5
8.0
1.3
1.6
0.9
2.3
4.1
1.1
0.6
0.4
1.2
Kendrick Perkins
BOS
24.7
4.8
2.0
4.1
0.9
1.3
0.0
0.0
5.9
1.3
0.6
1.2
1.3
Courtney Lee
OKC
25.2
8.6
3.3
7.4
1.2
1.4
0.8
2.2
2.7
1.9
1.2
0.2
1.2
Caron Butler
DET
24.2
10.1
3.8
8.9
1.2
1.5
1.4
3.7
3
1.1
0.6
0.2
0.9
Luc Mbah a Moute
SAC
24.4
7.8
3.0
7.2
1.5
2.5
0.3
1.0
4.7
1.1
0.7
0.3
1.3
Wayne Ellington
TOR
26.7
9.6
3.4
7.9
1.3
1.4
1.6
3.6
2.5
1.6
0.7
0.1
0.8
Maurice Harkless
PHI
23.4
6.9
2.9
6.0
0.7
1.2
0.4
1.2
4.4
0.8
0.8
0.6
0.7
Will Bynum
LAC
18.8
9.2
3.6
8.2
1.5
2.0
0.4
1.4
1.6
3.4
0.7
0.1
1.7
Antawn Jamison
CHI
20.7
8.2
3.1
6.8
1.1
1.6
0.9
2.5
4.3
0.9
0.4
0.3
0.8
Jimmy Butler
LAL
23
7.7
2.7
5.8
1.8
2.1
0.5
1.4
3.7
1.1
0.8
0.3
0.7
Marco Belinelli
LAL
24.9
10.1
3.4
8.3
2.0
2.4
1.2
3.1
2.1
1.8
0.6
0.1
1.2
Jonas Valanciunas
CLE
19.2
6.2
2.5
4.9
1.4
1.9
0.0
0.0
5.2
0.7
0.3
1.0
1.2
Andrew Nicholson
PHI
18.3
9.0
3.8
7.0
1.4
1.8
0.0
0.1
3.8
0.5
0.3
0.5
1.1
Samuel Dalembert
SAC
14.7
5.9
2.4
4.4
0.9
1.4
0.0
0.0
5
0.3
0.4
1.2
1.0
Lamar Odom
DET
19.7
3.9
1.7
4.2
0.3
0.7
0.2
0.9
5.4
1.5
0.7
0.7
1.1
Charlie Villanueva
LAC
16.8
7.1
2.7
6.7
0.4
1.0
1.1
3.0
3.9
0.7
0.5
0.5
0.7
Beno Udrih
PHI
19.4
6.9
2.7
6.3
1.0
1.4
0.4
1.4
2
3.9
0.5
0.1
1.4
Chauncey Billups
DET
21
8.4
2.6
6.2
1.8
1.9
1.4
3.7
1.4
2.4
0.7
0.1
1.2
Udonis Haslem
IND
20.6
4.7
2.0
3.9
0.7
1.1
0.0
0.0
5.7
0.5
0.5
0.2
0.7
Shaun Livingston
TOR
20.4
5.4
2.0
4.7
1.2
1.4
0.2
0.7
2.2
3.0
0.7
0.3
1.0
Mickael Gelabale
DAL
22.3
6.3
2.3
4.7
1.1
1.3
0.6
1.8
3.7
0.8
0.7
0.1
0.7
Brandan Wright
MIN
14
6.3
2.7
4.4
0.8
1.4
0.0
0.1
3.2
0.5
0.3
0.8
0.5
Chris Kaman
MIN
13.5
6.8
2.9
5.8
0.6
1.2
0.0
0.1
3.5
0.5
0.2
0.5
1.0
Nick Collison
BOS
17.9
4.5
1.9
3.2
0.7
0.9
0.1
0.3
3.9
1.1
0.6
0.5
0.8
Shane Battier
IND
24.6
6.3
2.1
5.0
0.6
0.7
1.6
3.7
2.5
0.8
0.5
0.6
0.5
Landry Fields
CLE
20
4.6
1.9
4.4
0.7
1.1
0.1
0.5
3.9
1.2
0.7
0.2
0.8
Austin Rivers
POR
23
6.7
2.6
6.5
1.0
1.8
0.5
1.5
2
2.2
0.4
0.2
1.2
Steve Blake
CHI
20.1
5.3
1.9
4.3
0.6
0.9
0.9
2.2
1.9
3.4
0.5
0.1
1.2
Jodie Meeks
CHI
18
7.3
2.4
6.0
1.1
1.3
1.3
3.4
2.1
0.9
0.6
0.1
0.7
Chase Budinger
DAL
14.3
6.9
2.4
5.0
1.0
1.9
0.7
2.1
2.1
0.9
0.6
0.3
1.1
Tyler Hansbrough
MIA
14.2
5.5
1.8
4.3
1.6
2.5
0.1
0.3
3.7
0.5
0.3
0.3
0.7
Alan Anderson
CLE
15.5
7.2
2.5
6.4
1.0
1.6
1.0
2.8
1.5
1.1
0.5
0.1
0.8
Jonas Jerebko
LAC
14.1
5.4
2.1
4.9
0.8
1.3
0.3
1.2
3
0.6
0.6
0.1
0.5
Jordan Crawford
OKC
13.2
6.8
2.5
6.0
1.2
1.4
0.7
1.9
1.6
1.8
0.3
0.1
1.1
Ian Mahinmi
MIA
15.1
4.6
1.7
3.8
1.0
1.8
0.0
0.0
3.5
0.3
0.5
0.7
1.0
Jimmer Fredette
MIL
14.7
7.2
2.5
6.0
1.3
1.6
0.9
2.2
1.2
1.4
0.4
0.0
1.0
John Henson
SAC
10.8
4.9
2.0
4.1
0.6
1.5
0.0
0.0
3.4
0.4
0.2
0.4
0.7
Brian Roberts
POR
12.9
5.6
2.1
5.1
0.8
1.0
0.5
1.4
1
2.0
0.4
0.0
0.7
Meyers Leonard
NO
13.2
4.1
1.6
2.8
0.8
1.2
0.0
0.0
3
0.4
0.2
0.6
0.5
Lavoy Allen
ORL
13.6
3.8
1.7
3.6
0.3
0.6
0.0
0.1
3.2
0.6
0.2
0.5
0.5
Andre Drummond
LAC
9.2
3.4
1.5
2.6
0.2
1.1
0.0
0.0
3.2
0.2
0.4
0.7
0.4
Terrence Ross
CLE
15
5.6
2.2
5.4
0.4
0.7
0.7
2.1
1.7
0.8
0.5
0.2
0.7
Chuck Hayes
MIL
15.1
2.5
1.0
2.4
0.4
0.7
0.0
0.0
3.7
1.1
0.4
0.3
0.6
Royal Ivey
ORL
17.9
4.9
1.7
3.9
0.5
0.9
0.9
2.1
1.8
1.0
0.6
0.1
0.6
Norris Cole
IND
17.3
5.0
2.0
4.9
0.6
0.9
0.3
1.1
1.4
1.6
0.6
0.1
1.0
John Lucas
CLE
11.6
5.3
2.0
4.8
0.3
0.6
0.8
2.0
1
1.7
0.4
0.0
0.5
Aaron Brooks
MIL
12
4.8
1.8
3.8
0.4
0.8
0.6
1.5
1.1
1.3
0.4
0.1
0.8
Chris Wilcox
OKC
10.9
3.5
1.5
2.3
0.4
0.8
0.0
0.0
2.5
0.2
0.4
0.3
0.5
Danny Granger
MIA
12.5
4.8
1.8
5.7
0.7
1.3
0.3
1.6
1.5
0.6
0.3
0.1
0.7
Victor Claver
NO
13.7
3.2
1.3
3.3
0.2
0.6
0.3
1.1
2.1
0.8
0.5
0.2
0.7
D.J. Augustin
MIA
14
4.1
1.3
3.4
0.8
1.1
0.6
1.8
0.9
1.9
0.3
0.0
0.7
Greg Stiemsma
DAL
10.4
2.6
1.0
2.3
0.5
0.9
0.0
0.0
2.2
0.3
0.3
0.8
0.5
Derek Fisher
BOS
12.7
4.0
1.2
3.4
0.6
1.1
0.5
1.3
0.9
1.5
0.4
0.1
0.9
Rodrigue Beaubois
MIN
10.5
3.4
1.2
3.3
0.5
0.8
0.3
1.1
1.1
1.6
0.4
0.1
0.7
Mike Miller
IND
11.7
3.0
1.1
2.7
0.2
0.3
0.6
1.8
1.9
0.9
0.3
0.1
0.3
Reggie Jackson
BOS
9.9
3.5
1.4
2.9
0.3
0.6
0.3
1.0
1.6
1.2
0.2
0.1
0.7
Ronnie Price
NO
12.3
2.7
1.0
3.1
0.4
0.7
0.3
1.1
1.1
1.9
0.5
0.1
0.8
Toney Douglas
MIL
9
3.9
1.4
3.4
0.3
0.7
0.5
1.4
1
1.0
0.4
0.0
0.5
Daniel Gibson
TOR
11.9
3.6
1.2
3.3
0.2
0.5
0.8
2.0
0.9
0.9
0.4
0.1
0.4
James Johnson
MIL
8.6
2.8
1.1
2.6
0.4
0.7
0.1
0.2
1.5
0.5
0.4
0.5
0.7
Jeremy Pargo
ORL
8.4
3.5
1.3
3.2
0.5
0.8
0.4
1.0
0.7
1.3
0.3
0.1
0.6
Bernard James
MIN
6.9
2.1
0.8
1.6
0.5
0.8
0.0
0.0
2
0.1
0.2
0.6
0.3
Hasheem Thabeet
BOS
8.5
1.9
0.7
1.2
0.3
0.7
0.0
0.0
2.1
0.1
0.3
0.6
0.5
Anthony Morrow
MIN
8.9
3.7
1.4
3.2
0.3
0.5
0.5
1.1
0.8
0.3
0.4
0.1
0.2
Ishmael Smith
SAC
9.1
2.4
1.0
2.8
0.1
0.4
0.2
0.6
1.1
1.5
0.3
0.1
0.6
Kwame Brown
ORL
9.4
1.6
0.7
1.5
0.2
0.7
0.0
0.0
2.6
0.3
0.2
0.3
0.4
Eric Maynor
NO
9.6
2.8
1.0
2.8
0.3
0.6
0.3
1.0
0.6
1.8
0.3
0.0
0.7
Lance Thomas
POR
10
2.3
0.8
1.9
0.4
0.8
0.1
0.3
1.7
0.4
0.2
0.1
0.3
Arnett Moultrie
ORL
6.9
2.2
0.9
1.8
0.2
0.5
0.0
0.1
1.7
0.2
0.3
0.1
0.2
Sasha Pavlovic
NO
10.1
1.9
0.8
2.1
0.1
0.3
0.2
0.9
1.3
0.6
0.5
0.1
0.4
Marquis Daniels
SAC
7.6
2.4
1.0
2.4
0.2
0.5
0.1
0.5
1.1
0.5
0.3
0.1
0.3
Devin Ebanks
CHI
7.4
2.5
1.0
2.7
0.3
0.6
0.2
0.7
1.5
0.4
0.1
0.1
0.4
Ekpe Udoh
SAC
7
1.6
0.6
1.4
0.2
0.5
0.0
0.0
1.4
0.3
0.2
0.5
0.3
Kyle O'Quinn
PHI
5.3
2.0
0.8
1.5
0.2
0.5
0.0
0.0
1.6
0.3
0.1
0.2
0.2
Orlando Johnson
MIA
6.7
2.2
0.7
1.7
0.2
0.4
0.3
0.8
1.2
0.5
0.1
0.1
0.3
Ryan Hollins
DET
6.4
1.8
0.6
1.1
0.3
0.7
0.0
0.0
1.5
0.1
0.1
0.4
0.4
Quincy Acy
CLE
5.1
1.8
0.7
1.2
0.3
0.6
0.0
0.0
1.3
0.1
0.2
0.3
0.2
Viacheslav Kravtsov
LAC
6.8
2.1
0.9
1.3
0.1
0.9
0.0
0.0
1.3
0.3
0.1
0.2
0.5
Jae Crowder
MIN
6.3
2.1
0.7
1.9
0.1
0.4
0.3
1.0
0.9
0.4
0.3
0.0
0.2
Joel Anthony
IND
6.7
1.0
0.4
0.7
0.2
0.4
0.0
0.0
1.4
0.1
0.2
0.5
0.2
Roger Mason
POR
7.2
2.2
0.8
1.8
0.1
0.3
0.4
0.8
0.9
0.4
0.1
0.1
0.3
Jason Collins
OKC
8.3
1.0
0.3
0.8
0.2
0.5
0.0
0.1
1.5
0.3
0.3
0.2
0.4
Sebastian Telfair
CLE
5.9
2.0
0.7
1.8
0.1
0.4
0.3
0.8
0.5
0.8
0.2
0.1
0.4
Luke Walton
TOR
5.1
1.0
0.4
1.1
0.0
0.2
0.1
0.4
0.8
0.9
0.2
0.1
0.3
Willie Green
DET
5.5
1.9
0.7
1.7
0.1
0.2
0.3
0.8
0.4
0.3
0.1
0.1
0.1
Darius Morris
CHI
5.5
1.6
0.6
1.5
0.1
0.3
0.2
0.5
0.5
0.6
0.2
0.0
0.3
Ronnie Brewer
BOS
4.7
1.2
0.4
1.2
0.0
0.3
0.1
0.4
0.7
0.3
0.2
0.0
0.1
Perry Jones III
BOS
3.8
1.2
0.5
1.3
0.1
0.2
0.0
0.1
0.8
0.2
0.1
0.1
0.2
Jared Jeffries
NO
5.7
1.0
0.4
1.1
0.1
0.4
0.0
0.1
1
0.2
0.1
0.1
0.3
Travis Outlaw
MIL
3.5
1.4
0.5
1.3
0.1
0.3
0.1
0.4
0.6
0.1
0.1
0.1
0.1
Sam Young
MIA
4.3
1.1
0.4
1.0
0.0
0.3
0.1
0.4
0.8
0.2
0.1
0.1
0.2
Chris Andersen
IND
3
0.8
0.2
0.5
0.1
0.4
0.0
0.0
0.9
0.1
0.1
0.2
0.1
Charles Jenkins
ORL
4.5
1.5
0.6
1.3
0.1
0.3
0.1
0.2
0.4
0.5
0.1
0.0
0.3
Robert Sacre
CHI
4.5
1.0
0.4
1.0
0.1
0.3
0.0
0.0
0.9
0.1
0.0
0.2
0.2
Grant Hill
DET
5.4
1.2
0.5
1.2
0.1
0.4
0.0
0.2
0.6
0.3
0.1
0.1
0.3
Aaron Gray
CLE
3.3
0.9
0.3
0.7
0.0
0.3
0.0
0.0
0.8
0.2
0.1
0.1
0.2
Mike James
MIN
3.5
1.2
0.4
1.3
0.0
0.2
0.2
0.5
0.3
0.6
0.1
0.0
0.2
Corey Maggette
LAC
4.2
1.5
0.5
1.3
0.1
0.6
0.1
0.4
0.4
0.3
0.1
0.0
0.3
Chris Johnson
DAL
2.6
1.2
0.5
0.8
0.0
0.3
0.0
0.0
0.5
0.1
0.1
0.1
0.1
Dominique Jones
MIN
3.1
1.1
0.4
1.1
0.1
0.4
0.0
0.2
0.3
0.7
0.1
0.0
0.3
Nazr Mohammed
LAL
3
0.6
0.3
0.8
0.0
0.2
0.0
0.0
0.8
0.1
0.1
0.2
0.2
DeQuan Jones
PHI
3.3
0.9
0.4
0.9
0.0
0.2
0.0
0.2
0.5
0.1
0.1
0.1
0.1
Khris Middleton
LAC
3.5
1.2
0.4
1.1
0.1
0.4
0.1
0.3
0.3
0.2
0.1
0.0
0.1
Luke Babbitt
NO
3
0.9
0.3
0.9
0.0
0.1
0.2
0.6
0.6
0.1
0.1
0.0
0.1
Rashard Lewis
IND
2.8
0.9
0.3
0.8
0.0
0.1
0.1
0.4
0.5
0.1
0.1
0.0
0.1
Doron Lamb
PHI
3.1
0.9
0.3
1.0
0.0
0.2
0.1
0.2
0.3
0.2
0.1
0.0
0.2
Xavier Henry
POR
2.3
0.7
0.3
0.6
0.0
0.3
0.0
0.1
0.4
0.1
0.1
0.0
0.1
Ronny Turiaf
DET
2.1
0.4
0.2
0.3
0.0
0.2
0.0
0.0
0.4
0.1
0.1
0.1
0.1
Will Barton
NO
2.3
0.7
0.3
0.7
0.0
0.1
0.0
0.2
0.3
0.1
0.1
0.0
0.1
Damien Wilkins
ORL
2.2
0.6
0.2
0.6
0.0
0.2
0.0
0.1
0.3
0.1
0.1
0.0
0.1
Kevin Jones
TOR
1.5
0.4
0.2
0.4
0.0
0.1
0.0
0.0
0.3
0.1
0.1
0.0
0.0
Terrence Williams
OKC
1.9
0.5
0.2
0.5
0.0
0.1
0.0
0.1
0.3
0.3
0.0
0.0
0.2
Kim English
LAC
1.8
0.5
0.2
0.5
0.0
0.1
0.1
0.2
0.1
0.1
0.1
0.0
0.1
Joel Freeland
NO
1.4
0.4
0.2
0.4
0.0
0.1
0.0
0.0
0.3
0.0
0.0
0.0
0.1
Jeff Pendergraph
MIA
1
0.4
0.2
0.4
0.0
0.1
0.0
0.0
0.3
0.0
0.0
0.0
0.1
Marquis Teague
LAL
1
0.3
0.1
0.3
0.0
0.1
0.0
0.1
0.1
0.2
0.0
0.0
0.1
Nolan Smith
NO
1.1
0.4
0.1
0.4
0.0
0.1
0.0
0.1
0.1
0.1
0.0
0.0
0.1
Cole Aldrich
MIL
0.9
0.2
0.1
0.2
0.0
0.1
0.0
0.0
0.3
0.0
0.0
0.0
0.1
Josh Selby
TOR
0.8
0.3
0.1
0.3
0.0
0.1
0.0
0.1
0.1
0.1
0.0
0.0
0.1
Daniel Orton
BOS
0.5
0.2
0.1
0.1
0.0
0.1
0.0
0.0
0.2
0.0
0.0
0.0
0.0
DeAndre Liggins
BOS
0.9
0.2
0.1
0.2
0.0
0.1
0.0
0.0
0.1
0.1
0.0
0.0
0.0
Daequan Cook
LAL
0.9
0.3
0.1
0.3
0.0
0.0
0.1
0.2
0.1
0.0
0.0
0.0
0.0
Ben Hansbrough
MIA
0.9
0.2
0.1
0.2
0.0
0.1
0.0
0.1
0.1
0.1
0.0
0.0
0.1
Joel Przybilla
SAC
0.5
0.1
0.0
0.1
0.0
0.0
0.0
0.0
0.1
0.0
0.0
0.0
0.0
Brandon Roy
DAL
0.2
0.1
0.0
0.1
0.0
0.0
0.0
0.0
0
0.0
0.0
0.0
0.0
Miles Plumlee
MIA
0.3
0.1
0.0
0.1
0.0
0.0
0.0
0.0
0
0.0
0.0
0.0
0.0
Gerald Green
MIA
0.2
0.1
0.0
0.1
0.0
0.0
0.0
0.0
0
0.0
0.0
0.0
0.0
James Jones
IND
0.3
0.1
0.0
0.1
0.0
0.0
0.0
0.1
0
0.0
0.0
0.0
0.0
Al Harrington
PHI
0.1
0.1
0.0
0.1
0.0
0.0
0.0
0.0
0
0.0
0.0
0.0
0.0
Linas Kleiza
CLE
0.2
0.1
0.0
0.1
0.0
0.0
0.0
0.0
0
0.0
0.0
0.0
0.0
Vladimir Radmanovic
LAL
0.3
0.1
0.0
0.1
0.0
0.0
0.0
0.0
0
0.0
0.0
0.0
0.0
Fab Melo
OKC
0.3
0.1
0.0
0.1
0.0
0.0
0.0
0.0
0
0.0
0.0
0.0
0.0
Trey Thompkins
DET
0
0.0
0.0
0.0
0.0
0.0
0.0
0.0
0
0.0
0.0
0.0
0.0
Gustavo Ayon
SAC
0.1
0.0
0.0
0.0
0.0
0.0
0.0
0.0
0
0.0
0.0
0.0
0.0
Drew Gooden
SAC
0.1
0.0
0.0
0.0
0.0
0.0
0.0
0.0
0
0.0
0.0
0.0
0.0
Darius Miller
POR
0.1
0.0
0.0
0.0
0.0
0.0
0.0
0.0
0
0.0
0.0
0.0
0.0
Jarvis Varnado
IND
0.1
0.0
0.0
0.0
0.0
0.0
0.0
0.0
0
0.0
0.0
0.0
0.0
Glen Davis
PHI
0
0.0
0.0
0.0
0.0
0.0
0.0
0.0
0
0.0
0.0
0.0
0.0
Hedo Turkoglu
PHI
0
0.0
0.0
0.0
0.0
0.0
0.0
0.0
0
0.0
0.0
0.0
0.0
Nick Young
ORL
0
0.0
0.0
0.0
0.0
0.0
0.0
0.0
0
0.0
0.0
0.0
0.0
Andrew Bynum
ORL
0
0.0
0.0
0.0
0.0
0.0
0.0
0.0
0
0.0
0.0
0.0
0.0
Omri Casspi
TOR
0.1
0.0
0.0
0.0
0.0
0.0
0.0
0.0
0
0.0
0.0
0.0
0.0
Mickael Pietrus
CLE
0
0.0
0.0
0.0
0.0
0.0
0.0
0.0
0
0.0
0.0
0.0
0.0
Chris Duhon
CHI
0.2
0.0
0.0
0.0
0.0
0.0
0.0
0.0
0
0.0
0.0
0.0
0.0
Derrick Rose
LAL
0
0.0
0.0
0.0
0.0
0.0
0.0
0.0
0
0.0
0.0
0.0
0.0
Taj Gibson
LAL
0
0.0
0.0
0.0
0.0
0.0
0.0
0.0
0
0.0
0.0
0.0
0.0
Richard Hamilton
LAL
0
0.0
0.0
0.0
0.0
0.0
0.0
0.0
0
0.0
0.0
0.0
0.0
