nullKevin Durant
SA
38.9
27.5
9.1
18.1
8.1
8.9
1.6
3.9
8.2
4.7
1.5
1.1
3.2
Russell Westbrook
SA
36.5
24.0
8.4
19.4
5.9
7.3
1.3
3.9
5.3
7.3
1.8
0.3
3.3
Tim Duncan
OKC
31.1
17.9
7.0
14.1
4.2
5.2
0.0
0.2
10.3
2.7
0.9
2.6
2.1
Carmelo Anthony
GS
37.5
26.5
9.1
20.5
6.3
7.6
2.1
5.4
6.7
3.0
0.8
0.5
2.7
David Lee
NY
37.2
18.7
7.6
15.0
3.6
4.5
0.0
0.2
11.3
3.6
0.9
0.4
2.6
Al Jefferson
DET
34.1
18.5
7.8
15.8
2.9
3.7
0.1
0.3
9.8
2.3
0.9
1.3
1.4
Stephen Curry
NY
38.2
21.6
7.6
17.1
3.7
4.1
2.8
6.4
3.9
6.7
1.7
0.2
3.0
Greg Monroe
UTAH
34.1
16.7
6.5
13.5
3.5
5.2
0.1
0.3
9.3
3.4
1.3
0.9
3.0
Jrue Holiday
BKN
38.5
18.2
7.2
16.4
2.9
3.7
1.0
3.0
4.5
8.0
1.5
0.4
3.8
Brook Lopez
PHI
31.3
18.3
7.1
14.1
4.1
5.3
0.0
0.1
7.3
1.1
0.5
2.1
1.8
Paul Millsap
DET
31.3
15.6
5.8
11.9
3.8
5.1
0.2
0.7
7.5
2.7
1.3
1.0
1.7
Ty Lawson
PHX
35.2
17.4
6.4
14.1
3.3
4.5
1.2
3.4
3.2
7.1
1.6
0.1
2.7
Deron Williams
PHI
36.6
17.5
6.0
13.9
3.9
4.5
1.7
4.5
3.3
7.0
1.0
0.4
2.9
Thaddeus Young
BKN
35.5
14.5
6.3
12.6
1.5
2.7
0.2
0.7
7.7
1.8
1.7
0.8
1.3
Serge Ibaka
SA
31
13.6
5.6
10.2
2.2
2.9
0.3
0.6
8
0.8
0.4
2.7
1.6
J.R. Smith
GS
34.3
16.8
6.2
15.0
2.6
3.4
1.8
5.0
5.4
2.9
1.3
0.3
1.6
Goran Dragic
DEN
33.5
14.3
5.1
11.8
2.8
3.8
1.2
3.7
3.2
7.2
1.5
0.3
2.7
Tyson Chandler
GS
33
11.0
4.1
6.6
2.7
3.9
0.1
0.1
10.9
1.0
0.7
1.1
1.3
Andre Iguodala
PHX
33.8
13.4
5.0
11.2
2.1
3.6
1.1
3.5
5.1
5.0
1.8
0.5
2.5
Raymond Felton
GS
34.6
15.5
6.1
14.6
1.9
2.5
1.3
3.7
3.3
6.3
1.2
0.2
2.5
Kenneth Faried
PHX
28.8
11.9
4.9
8.8
2.1
3.4
0.0
0.0
9.3
1.2
1.1
1.0
1.5
Evan Turner
BKN
36.5
14.3
5.6
13.4
2.3
3.0
0.7
2.1
6.3
4.2
1.0
0.3
2.4
Danilo Gallinari
PHX
32.7
16.6
5.5
12.6
3.7
4.5
1.9
5.0
5.3
2.4
0.9
0.5
1.5
Joe Johnson
PHI
37.4
17.7
6.7
15.3
2.5
3.0
1.9
4.9
3.3
3.6
0.7
0.2
1.9
Klay Thompson
NY
35.4
16.8
6.2
14.4
1.9
2.2
2.4
6.3
3.9
2.5
0.9
0.5
1.8
Manu Ginobili
OKC
25.4
13.7
4.5
10.1
3.1
3.9
1.5
4.0
3.8
4.7
1.5
0.2
2.2
Jarrett Jack
NY
31
14.1
5.3
11.7
2.4
2.8
1.2
3.0
3.3
5.9
0.9
0.1
2.2
Jose Calderon
UTAH
30.1
11.6
4.3
9.2
1.5
1.6
1.6
3.6
2.7
7.4
0.8
0.1
1.7
Brandon Knight
UTAH
32.7
14.9
5.3
12.6
2.4
3.3
1.7
4.4
3.6
4.5
0.8
0.2
2.8
Kawhi Leonard
OKC
30
11.3
4.1
8.5
2.2
2.6
1.0
2.7
5.2
1.6
1.7
0.6
1.1
Gerald Wallace
PHI
32.3
9.8
3.3
7.9
2.3
3.5
0.9
2.6
5.7
2.8
1.4
0.9
1.8
Amar'e Stoudemire
GS
24.9
14.6
5.5
9.8
3.5
4.5
0.0
0.1
5.7
0.7
0.4
0.8
1.9
Luis Scola
DEN
24.9
12.2
5.0
10.6
2.1
2.6
0.1
0.5
5.8
2.1
0.7
0.5
1.4
Gordon Hayward
DET
28.8
14.6
4.8
11.4
3.7
4.5
1.3
3.3
3
2.9
0.8
0.5
1.8
Tiago Splitter
OKC
25
10.8
4.1
7.3
2.7
3.6
0.1
0.1
6.4
1.4
0.8
0.8
1.2
Spencer Hawes
BKN
26.7
10.0
4.1
9.1
1.6
2.1
0.2
0.7
6.9
1.7
0.3
1.3
1.6
Derrick Favors
DET
22.2
9.3
3.5
7.2
2.2
3.2
0.0
0.1
6.5
0.9
0.8
1.3
1.5
Kevin Martin
SA
29.3
14.7
4.8
10.8
3.0
3.3
2.1
5.0
2.8
1.6
1.0
0.1
1.5
Jason Kidd
GS
28.4
8.0
2.8
6.7
1.1
1.3
1.5
4.0
4.3
3.6
1.7
0.4
1.3
Kosta Koufos
PHX
23.4
7.8
3.5
5.9
0.8
1.4
0.0
0.0
6.8
0.5
0.6
1.5
0.7
Andre Miller
PHX
25.8
9.4
3.6
7.3
1.8
2.2
0.3
1.2
3
5.6
0.9
0.2
2.0
Andrew Bogut
NY
23.4
6.5
2.8
5.9
0.8
1.5
0.0
0.0
6.6
1.8
0.4
1.6
1.0
JaVale McGee
PHX
19.1
9.1
3.8
6.6
1.4
2.6
0.0
0.0
5.1
0.4
0.4
2.0
1.1
Danny Green
OKC
27.4
11.0
3.9
8.6
1.4
1.6
2.0
4.7
3.4
1.7
1.1
0.6
1.2
Wilson Chandler
PHX
22.5
10.9
4.0
9.4
1.8
2.2
1.0
2.6
4.8
0.9
0.9
0.3
1.2
Mo Williams
DET
25.7
10.5
4.0
9.1
1.4
1.7
1.0
2.6
1.8
5.3
0.7
0.2
2.1
Thabo Sefolosha
SA
28.8
8.5
3.1
6.4
1.2
1.4
1.2
3.0
4.3
1.7
1.4
0.5
0.9
Andray Blatche
PHI
18.9
9.4
3.8
7.7
1.7
2.5
0.0
0.2
5
1.0
1.0
0.6
1.3
Corey Brewer
PHX
23.6
10.9
4.2
9.9
1.4
2.2
1.1
3.6
3
1.7
1.2
0.3
1.1
Jason Maxiell
UTAH
24.9
6.9
2.8
6.4
1.2
1.9
0.0
0.0
5.8
0.6
0.5
1.4
1.1
Rodney Stuckey
UTAH
25.4
10.3
3.6
9.1
2.3
3.0
0.7
2.4
2.6
3.1
0.5
0.2
1.6
Will Bynum
UTAH
20.2
9.8
3.8
8.5
1.5
2.0
0.6
1.6
1.8
4.0
0.7
0.1
1.8
Kendrick Perkins
SA
25.1
4.9
2.1
4.2
0.9
1.3
0.0
0.1
6.1
1.6
0.6
1.2
1.3
Markieff Morris
DEN
20.8
7.8
3.1
7.6
1.0
1.5
0.4
1.5
4.5
1.2
0.8
0.6
1.1
Kyle Singler
UTAH
28.2
9.3
3.6
8.1
1.3
1.6
0.9
2.2
4.2
1.0
0.6
0.4
1.2
Reggie Evans
PHI
22.5
3.6
1.2
2.8
1.1
2.2
0.0
0.0
8.8
0.6
0.8
0.3
1.3
Harrison Barnes
NY
25.4
9.2
3.4
7.8
1.6
2.2
0.7
1.9
4
1.3
0.6
0.2
1.2
Jermaine O'Neal
DEN
16.4
6.9
2.8
5.4
1.4
1.9
0.0
0.0
4.9
0.6
0.4
1.2
1.1
Randy Foye
DET
25.1
10.2
3.4
8.6
1.6
2.0
1.8
4.4
1.6
2.2
0.7
0.3
1.1
Dorell Wright
BKN
21.6
7.7
2.6
6.7
1.3
1.6
1.2
3.5
3.8
1.5
0.7
0.4
0.8
Boris Diaw
OKC
22.9
6.1
2.4
4.5
0.8
1.1
0.5
1.3
3.8
2.2
0.7
0.4
1.0
Jared Dudley
DEN
21
8.3
3.0
6.7
1.3
1.6
0.9
2.5
2.6
2.0
0.7
0.1
1.1
P.J. Tucker
DEN
23.7
6.1
2.4
5.4
0.8
1.2
0.3
1.0
4.3
1.3
0.7
0.3
0.8
Michael Beasley
DEN
17.6
8.3
3.3
8.1
1.2
1.6
0.6
1.6
3.3
1.3
0.3
0.4
1.4
Carl Landry
NY
17
7.6
2.8
5.3
2.0
2.5
0.1
0.3
4.2
0.6
0.3
0.4
1.0
Charlie Villanueva
UTAH
16.8
7.0
2.7
6.5
0.4
1.0
1.1
2.9
3.7
0.7
0.5
0.6
0.7
Kris Humphries
PHI
17.3
5.1
1.9
4.2
1.3
1.8
0.0
0.0
5.3
0.5
0.3
0.5
0.8
DeMarre Carroll
DET
17.8
6.6
2.5
5.2
1.0
1.4
0.5
1.3
2.8
0.9
0.9
0.3
0.5
Iman Shumpert
GS
21
5.6
2.0
5.8
0.7
1.1
0.8
2.4
2.9
1.6
0.9
0.2
0.9
Nick Collison
SA
17.4
4.7
2.0
3.3
0.7
1.0
0.0
0.1
4
1.2
0.5
0.5
0.8
C.J. Watson
PHI
19.3
6.9
2.5
6.2
1.0
1.3
1.0
2.7
1.6
1.9
0.9
0.1
0.9
Enes Kanter
DET
14.1
6.2
2.5
4.6
1.1
1.6
0.0
0.0
4
0.4
0.4
0.5
1.2
Stephen Jackson
OKC
19.2
6.1
2.2
5.6
0.9
1.4
0.8
2.7
3
1.4
0.7
0.2
1.4
Steve Novak
GS
19.9
6.7
2.3
5.3
0.6
0.6
1.7
3.8
2.3
0.7
0.4
0.1
0.2
Jonas Jerebko
UTAH
14.9
5.8
2.2
5.1
0.9
1.4
0.4
1.2
3.1
0.6
0.6
0.1
0.6
Nick Young
BKN
17
7.3
2.6
6.4
0.9
1.5
0.9
2.5
1.6
1.0
0.4
0.2
0.6
Marvin Williams
DET
17.7
5.7
2.1
5.0
0.9
1.2
0.6
1.7
2.7
0.7
0.4
0.4
0.7
Cory Joseph
OKC
13.9
5.0
1.9
4.1
0.8
0.8
0.5
1.3
1.7
2.2
0.7
0.1
1.0
Earl Watson
DET
17.2
2.5
1.0
2.8
0.3
0.6
0.1
0.5
1.9
3.7
0.8
0.2
1.3
Andre Drummond
UTAH
10
3.6
1.6
2.8
0.2
1.1
0.0
0.0
3.6
0.2
0.4
0.7
0.4
Lavoy Allen
BKN
14.3
4.0
1.8
3.8
0.3
0.6
0.0
0.0
3.5
0.6
0.2
0.5
0.5
Festus Ezeli
NY
15.5
2.9
1.2
2.8
0.5
1.0
0.0
0.0
3.8
0.4
0.4
0.9
1.0
Jamaal Tinsley
DET
13.6
3.0
1.2
3.0
0.4
0.5
0.4
1.4
1.4
3.1
0.6
0.1
1.1
Marcus Morris
DEN
11.4
4.6
1.7
3.9
0.3
0.8
0.7
1.7
2.2
0.4
0.3
0.2
0.5
Royal Ivey
BKN
16.6
4.3
1.6
3.6
0.4
0.6
0.8
1.9
1.7
0.8
0.5
0.1
0.5
Reggie Jackson
SA
10.4
3.9
1.5
3.4
0.4
0.7
0.3
1.1
1.5
1.3
0.3
0.1
0.6
Gary Neal
OKC
11.6
4.9
1.9
4.6
0.3
0.7
0.6
1.8
1.2
0.9
0.3
0.0
0.6
Derek Fisher
SA
12.7
4.2
1.3
3.7
0.6
1.0
0.5
1.4
0.8
1.5
0.4
0.1
0.8
MarShon Brooks
PHI
9.8
4.5
1.7
3.8
0.7
1.3
0.3
0.8
0.9
0.9
0.3
0.1
0.8
Matt Bonner
OKC
10.4
3.4
1.3
2.8
0.2
0.3
0.6
1.5
1.6
0.5
0.2
0.2
0.2
Kwame Brown
BKN
10
2.0
0.9
1.8
0.2
0.7
0.0
0.0
2.8
0.3
0.2
0.3
0.3
Jeremy Pargo
BKN
9.3
3.8
1.4
3.4
0.6
0.9
0.4
1.1
0.8
1.4
0.2
0.1
0.7
Jerry Stackhouse
PHI
11.9
4.1
1.5
3.9
0.4
0.6
0.7
2.1
0.9
0.7
0.3
0.1
0.5
James White
GS
11.6
3.0
1.3
2.9
0.2
0.6
0.2
0.6
1.4
0.7
0.4
0.2
0.5
Brandon Rush
NY
10.2
5.0
2.1
3.5
0.5
1.1
0.1
0.8
0.7
1.0
0.1
0.0
1.1
Alec Burks
DET
8.5
3.4
1.2
2.9
0.3
1.0
0.3
0.7
1.1
0.7
0.3
0.1
0.6
Hasheem Thabeet
SA
7.8
1.7
0.7
1.2
0.2
0.6
0.0
0.0
2
0.1
0.3
0.6
0.5
Patrick Mills
OKC
7.7
3.1
1.2
2.6
0.2
0.3
0.5
1.3
0.7
0.7
0.3
0.1
0.4
Richard Jefferson
NY
8.4
2.5
0.9
2.0
0.3
0.7
0.2
0.7
1.3
0.5
0.2
0.1
0.2
Viacheslav Kravtsov
UTAH
7.3
2.5
1.0
1.5
0.2
1.0
0.0
0.0
1.5
0.2
0.1
0.2
0.6
Arnett Moultrie
BKN
6.7
2.1
0.9
1.7
0.1
0.4
0.0
0.1
1.6
0.1
0.2
0.1
0.2
Kurt Thomas
GS
6
1.5
0.7
1.2
0.1
0.3
0.1
0.1
1.5
0.3
0.2
0.2
0.1
Kendall Marshall
DEN
8.6
1.9
0.8
1.9
0.1
0.2
0.2
0.8
0.5
1.3
0.2
0.0
0.7
Anthony Randolph
PHX
4
1.5
0.6
1.3
0.2
0.5
0.0
0.1
1.2
0.2
0.2
0.3
0.4
Shannon Brown
DEN
5.1
2.3
0.9
2.1
0.4
0.5
0.2
0.6
0.5
0.4
0.2
0.1
0.3
Andris Biedrins
NY
5.6
0.5
0.2
0.5
0.1
0.3
0.0
0.0
1.6
0.1
0.2
0.4
0.2
Keith Bogans
PHI
8
2.0
0.7
1.7
0.1
0.2
0.5
1.3
0.8
0.4
0.2
0.0
0.3
DeJuan Blair
OKC
3.7
1.4
0.6
1.2
0.1
0.4
0.0
0.0
1
0.2
0.1
0.0
0.2
Ronnie Brewer
SA
4.7
1.2
0.4
1.2
0.0
0.2
0.1
0.4
0.7
0.3
0.2
0.0
0.1
Corey Maggette
UTAH
4.6
1.7
0.5
1.4
0.2
0.7
0.1
0.5
0.5
0.3
0.1
0.0
0.3
Perry Jones III
SA
3.5
1.0
0.4
1.2
0.1
0.2
0.0
0.1
0.8
0.2
0.1
0.1
0.2
Pablo Prigioni
GS
3.6
0.9
0.3
0.7
0.0
0.1
0.1
0.4
0.4
0.7
0.2
0.0
0.3
Jordan Hamilton
PHX
2.5
1.3
0.5
1.1
0.0
0.2
0.1
0.3
0.6
0.1
0.1
0.0
0.1
Draymond Green
NY
3.6
0.8
0.3
0.9
0.0
0.2
0.0
0.2
0.8
0.2
0.1
0.1
0.2
Chris Copeland
GS
2.8
1.5
0.6
1.2
0.1
0.3
0.2
0.4
0.3
0.1
0.1
0.0
0.1
Charles Jenkins
BKN
3.6
1.0
0.4
1.0
0.0
0.2
0.1
0.1
0.3
0.4
0.1
0.0
0.2
Wesley Johnson
DEN
2.9
1.0
0.4
1.1
0.0
0.1
0.1
0.3
0.5
0.1
0.0
0.1
0.1
Khris Middleton
UTAH
2.9
0.9
0.3
0.9
0.1
0.3
0.1
0.2
0.2
0.1
0.1
0.0
0.1
Marcus Camby
GS
1.9
0.4
0.2
0.4
0.0
0.1
0.0
0.0
0.6
0.1
0.0
0.1
0.1
Nando de Colo
OKC
2.2
0.6
0.2
0.6
0.0
0.1
0.1
0.2
0.3
0.3
0.1
0.0
0.2
Damien Wilkins
BKN
2.5
0.7
0.3
0.6
0.0
0.2
0.0
0.1
0.3
0.1
0.1
0.0
0.1
Mirza Teletovic
PHI
1.5
0.6
0.2
0.6
0.0
0.1
0.1
0.3
0.3
0.1
0.0
0.0
0.0
Timofey Mozgov
PHX
1.4
0.4
0.2
0.3
0.0
0.1
0.0
0.0
0.4
0.0
0.0
0.1
0.1
Kim English
UTAH
1.9
0.6
0.2
0.5
0.0
0.1
0.1
0.2
0.1
0.1
0.1
0.0
0.1
Evan Fournier
PHX
1.4
0.6
0.2
0.4
0.0
0.1
0.1
0.1
0.1
0.1
0.0
0.0
0.1
Diante Garrett
DEN
0.8
0.2
0.1
0.2
0.0
0.1
0.0
0.1
0.1
0.2
0.1
0.0
0.1
DeAndre Liggins
SA
1
0.2
0.1
0.2
0.0
0.1
0.0
0.1
0.2
0.1
0.1
0.0
0.1
Hamed Haddadi
DEN
0.8
0.2
0.1
0.2
0.0
0.0
0.0
0.0
0.2
0.0
0.0
0.0
0.0
Jeremy Evans
DET
0.7
0.2
0.1
0.1
0.0
0.1
0.0
0.0
0.2
0.0
0.0
0.0
0.0
Daniel Orton
SA
0.4
0.2
0.1
0.1
0.0
0.1
0.0
0.0
0.2
0.0
0.0
0.0
0.0
Aron Baynes
OKC
0.6
0.2
0.1
0.1
0.0
0.1
0.0
0.0
0.1
0.0
0.0
0.0
0.0
Julyan Stone
PHX
0.6
0.1
0.1
0.1
0.0
0.0
0.0
0.0
0.1
0.0
0.0
0.0
0.0
Tyshawn Taylor
PHI
0.4
0.2
0.1
0.1
0.0
0.1
0.0
0.0
0
0.0
0.0
0.0
0.0
Kent Bazemore
NY
0.3
0.1
0.0
0.1
0.0
0.0
0.0
0.0
0
0.0
0.0
0.0
0.0
Tornike Shengelia
PHI
0.3
0.1
0.0
0.0
0.0
0.0
0.0
0.0
0
0.0
0.0
0.0
0.0
Kenyon Martin
GS
0.1
0.0
0.0
0.0
0.0
0.0
0.0
0.0
0
0.0
0.0
0.0
0.0
Quincy Miller
PHX
0.1
0.0
0.0
0.0
0.0
0.0
0.0
0.0
0
0.0
0.0
0.0
0.0
Marcin Gortat
DEN
0
0.0
0.0
0.0
0.0
0.0
0.0
0.0
0
0.0
0.0
0.0
0.0
Kevin Murphy
DET
0
0.0
0.0
0.0
0.0
0.0
0.0
0.0
0
0.0
0.0
0.0
0.0
Raja Bell
DET
0
0.0
0.0
0.0
0.0
0.0
0.0
0.0
0
0.0
0.0
0.0
0.0
Jeremy Lamb
SA
0.1
0.0
0.0
0.0
0.0
0.0
0.0
0.0
0
0.0
0.0
0.0
0.0
Tony Parker
OKC
0
0.0
0.0
0.0
0.0
0.0
0.0
0.0
0
0.0
0.0
0.0
0.0
Andrew Bynum
BKN
0
0.0
0.0
0.0
0.0
0.0
0.0
0.0
0
0.0
0.0
0.0
0.0
