nullLeBron James
PHI
38.3
26.6
9.8
18.2
5.6
7.4
1.3
3.3
8
7.0
1.7
0.8
3.0
Kevin Durant
CHA
38.2
27.3
8.9
17.8
8.1
8.9
1.7
4.2
7.8
4.9
1.6
1.2
3.2
Kobe Bryant
TOR
38.8
27.4
9.6
20.5
6.6
7.8
1.7
4.9
5.3
5.7
1.4
0.3
3.4
James Harden
GS
38.9
26.1
7.8
17.7
8.4
9.8
2.1
5.8
4.9
5.9
1.9
0.5
3.5
Russell Westbrook
CHA
35.7
24.0
8.4
18.7
6.0
7.5
1.2
3.6
5.4
7.3
1.9
0.3
3.4
Tim Duncan
POR
31.1
17.8
7.1
14.0
4.1
5.1
0.0
0.1
10
2.9
0.8
2.6
2.1
David Lee
HOU
36.5
18.9
7.6
14.9
3.6
4.5
0.1
0.3
11.8
3.6
0.8
0.3
2.6
Dwyane Wade
PHI
35
22.7
8.6
16.8
4.8
6.5
0.5
1.6
5.2
5.1
1.6
0.7
2.8
Dwight Howard
TOR
35.2
16.4
6.1
10.9
3.9
8.0
0.0
0.1
12
1.4
1.0
2.2
2.8
LaMarcus Aldridge
SA
37.6
20.1
8.0
17.2
3.9
4.9
0.1
0.4
8.7
2.6
0.9
1.1
2.0
Stephen Curry
HOU
38.1
22.2
7.7
17.3
4.2
4.6
2.7
6.2
4.1
6.6
1.6
0.2
3.1
Josh Smith
BOS
35.6
16.8
6.9
15.1
2.1
4.3
0.7
2.1
8.7
4.1
1.1
1.9
3.0
Al Jefferson
CHI
33.8
18.0
7.7
15.7
2.4
3.1
0.1
0.3
9.6
2.2
0.9
1.3
1.4
Kyrie Irving
MEM
36.4
22.4
8.2
17.8
4.2
4.9
1.8
4.4
3.9
6.0
1.6
0.3
3.2
Al Horford
BOS
36.6
17.5
7.5
13.8
2.1
3.5
0.1
0.4
9.6
3.0
0.9
1.2
2.1
Greg Monroe
DAL
33.6
16.7
6.5
13.3
3.6
5.3
0.1
0.2
9.8
3.3
1.3
0.8
3.1
Joakim Noah
UTAH
37.5
12.1
4.6
9.6
3.0
4.0
0.0
0.1
10.8
3.6
1.1
2.1
2.5
Marc Gasol
CLE
35.2
15.5
5.8
11.6
4.1
4.7
0.1
0.3
8.4
3.7
0.9
1.7
2.0
Paul George
ORL
37.5
17.4
6.4
14.6
2.8
3.5
2.0
5.1
7.1
4.1
1.8
0.7
2.7
David West
ORL
34.3
17.5
7.0
14.3
3.5
4.6
0.1
0.3
8.3
2.9
0.9
1.2
2.2
Paul Pierce
ATL
35.2
19.3
6.6
15.7
4.3
5.5
1.7
5.0
6.5
4.6
1.3
0.3
2.9
DeMarcus Cousins
PHX
31.8
17.0
6.3
14.0
4.3
5.8
0.2
0.6
9
2.9
1.5
0.8
3.1
Jrue Holiday
MIA
37.5
18.2
7.2
16.2
2.6
3.4
1.1
3.1
3.9
7.8
1.5
0.4
3.6
Brook Lopez
WSH
31.2
18.2
7.1
13.9
3.9
5.1
0.1
0.2
7.4
1.1
0.5
2.0
1.8
Zach Randolph
CLE
34
15.5
6.3
13.5
2.7
3.6
0.1
0.5
10.9
1.5
0.8
0.6
1.9
Rudy Gay
LAL
36.7
18.2
7.0
16.9
3.3
4.1
0.9
3.1
6.4
2.8
1.6
0.7
2.7
Deron Williams
WSH
37.1
18.0
6.0
14.1
4.4
5.1
1.7
4.6
3.5
7.2
1.0
0.4
2.9
Paul Millsap
CHI
31
15.5
5.8
11.7
3.7
4.9
0.2
0.6
7.7
2.6
1.2
1.0
1.7
Nicolas Batum
SA
37.7
15.8
5.4
12.5
3.0
3.5
2.0
5.5
5.6
4.7
1.4
1.0
2.8
Kemba Walker
OKC
34.4
16.9
6.2
14.7
3.2
4.0
1.3
3.9
3.5
5.8
1.8
0.4
2.5
Chris Bosh
PHI
33.5
17.3
6.6
12.7
3.6
4.5
0.5
1.4
7
1.6
0.9
1.1
1.8
Kevin Garnett
ATL
30.9
15.3
6.3
12.8
2.6
3.4
0.1
0.3
7.7
2.3
1.1
0.9
1.8
Damian Lillard
SA
38.1
18.7
6.7
15.9
3.2
3.8
2.1
5.8
3.2
6.1
0.9
0.3
2.8
Dirk Nowitzki
DET
32.1
16.7
6.1
13.8
3.5
4.2
1.1
2.8
6.6
2.6
0.8
0.7
1.4
Carlos Boozer
UTAH
31.3
15.5
6.5
13.8
2.5
3.4
0.1
0.4
8.8
2.0
0.9
0.5
2.0
Thaddeus Young
MIA
35.2
14.5
6.3
12.5
1.5
2.7
0.1
0.5
7.9
1.6
1.6
0.8
1.4
Serge Ibaka
CHA
31
13.6
5.6
10.0
2.3
3.0
0.2
0.6
8.1
0.8
0.4
2.8
1.6
Luol Deng
UTAH
38.3
16.4
6.3
14.5
3.0
3.7
0.8
2.6
6.6
2.8
1.2
0.4
2.0
Nikola Vucevic
IND
31.8
11.9
5.3
10.5
1.3
1.9
0.0
0.0
10.8
1.5
0.7
1.0
1.6
Jameer Nelson
IND
35.9
14.8
5.5
13.6
2.1
2.3
1.9
5.5
3.8
7.3
1.3
0.2
2.8
Kyle Lowry
LAL
30.4
13.7
4.4
10.2
3.5
4.3
1.4
3.4
4.9
6.3
1.4
0.3
2.3
J.J. Hickson
SA
30
13.2
5.3
9.7
2.6
3.7
0.0
0.1
10.3
1.2
0.6
0.9
1.9
Goran Dragic
SAC
33.6
14.6
5.2
12.0
2.9
4.0
1.1
3.7
3.3
7.0
1.5
0.3
2.6
John Wall
BKN
31.2
14.8
5.4
12.9
3.8
4.6
0.2
0.9
3.5
7.1
1.3
0.7
3.6
Roy Hibbert
ORL
28.9
11.4
4.6
10.5
2.1
2.9
0.0
0.0
8.3
1.5
0.6
2.6
2.0
Chandler Parsons
GS
36.3
15.3
5.9
12.3
1.6
2.3
1.7
4.3
5.5
3.7
1.1
0.4
2.0
Jeremy Lin
GS
33.1
13.8
5.1
11.3
2.7
3.4
1.0
3.0
3.5
6.4
1.8
0.4
2.8
Tyreke Evans
PHX
32
15.9
5.8
12.4
3.8
4.9
0.6
1.9
4.8
3.3
1.5
0.5
2.3
Jeff Teague
BOS
33.9
15.0
5.6
12.2
2.7
3.1
1.2
3.1
2.6
6.8
1.5
0.4
3.0
Mike Conley
CLE
34.2
13.6
4.8
11.2
2.9
3.4
1.2
3.3
2.9
6.2
2.1
0.3
2.4
DeMar DeRozan
LAL
37.3
17.7
6.4
14.9
4.3
5.2
0.6
2.1
4.2
3.0
1.0
0.3
2.0
O.J. Mayo
DET
35.1
16.9
6.2
13.5
2.9
3.5
1.7
4.3
3.6
4.3
1.2
0.3
2.6
George Hill
ORL
34.4
15.5
5.6
12.2
2.6
3.2
1.6
4.2
3.9
4.8
1.0
0.3
1.8
Omer Asik
GS
29.5
10.5
4.1
7.5
2.2
4.1
0.0
0.0
11
1.0
0.6
1.1
2.0
Tristan Thompson
MEM
31.2
11.7
4.7
9.8
2.2
3.4
0.0
0.1
9.3
1.3
0.8
0.9
1.5
Nene Hilario
BKN
29.3
13.6
5.1
10.3
3.4
4.6
0.0
0.2
7.2
2.8
1.0
0.6
2.5
Shawn Marion
DET
30.5
12.0
5.0
10.2
1.7
2.1
0.3
1.2
7.8
2.4
1.0
0.7
1.7
Marcin Gortat
SAC
30.3
11.3
4.7
9.2
1.8
2.7
0.0
0.0
8.5
1.2
0.6
1.7
1.6
Evan Turner
MIA
35.4
13.9
5.5
12.9
2.0
2.7
0.9
2.3
5.9
4.2
0.9
0.2
2.4
Klay Thompson
HOU
35.4
16.7
6.2
14.6
1.9
2.2
2.4
6.0
4.2
2.6
1.0
0.5
1.9
Joe Johnson
WSH
37.6
17.6
6.5
15.0
2.7
3.3
1.8
4.7
3.3
3.6
0.7
0.2
1.9
Arron Afflalo
IND
37
17.0
6.3
14.3
3.3
3.9
1.1
3.6
4
3.4
0.8
0.2
2.3
Luis Scola
SAC
27.7
13.7
5.6
11.8
2.4
3.1
0.1
0.4
6.6
2.3
0.9
0.4
1.7
Jose Calderon
DAL
30.6
12.0
4.4
9.4
1.6
1.8
1.6
3.7
2.9
7.4
0.9
0.1
1.8
Steve Nash
TOR
33.3
12.9
4.8
9.8
2.0
2.2
1.3
3.0
3
7.5
0.7
0.1
2.7
Bradley Beal
BKN
33.2
15.2
5.4
12.9
2.8
3.5
1.5
3.9
4
2.5
1.0
0.6
1.7
Manu Ginobili
POR
24.8
13.1
4.4
9.7
2.8
3.6
1.4
3.8
3.7
4.6
1.3
0.3
2.1
Amir Johnson
LAL
27.7
10.0
4.1
7.3
1.8
2.6
0.0
0.1
7.8
1.5
0.9
1.2
1.3
Wesley Matthews
SA
34.6
15.4
5.3
12.1
2.6
3.3
2.1
5.4
3
3.0
1.3
0.3
1.7
Emeka Okafor
BKN
27.3
9.7
4.1
8.5
1.4
2.5
0.0
0.0
9
1.2
0.6
1.1
1.5
Jarrett Jack
HOU
29.9
13.6
5.2
11.4
2.2
2.6
1.1
2.9
3.2
5.6
0.8
0.1
2.1
Metta World Peace
TOR
33.9
12.8
4.7
11.2
1.8
2.5
1.7
4.9
5.2
1.6
1.6
0.6
1.4
Darren Collison
DET
31.6
12.7
4.5
9.7
3.0
3.3
0.8
2.1
3
5.6
1.4
0.1
2.2
Vince Carter
DET
27.2
14.3
5.0
11.5
2.5
3.1
1.7
4.5
4.2
2.5
1.0
0.5
1.6
Byron Mullens
OKC
29.7
12.4
4.7
12.0
1.7
2.4
1.2
3.8
6.8
1.6
0.8
0.6
1.7
Ramon Sessions
OKC
28.9
15.0
5.0
12.1
4.3
5.2
0.7
2.3
3.1
4.1
0.8
0.1
1.9
Brandon Knight
DAL
32.6
14.1
5.1
12.3
2.2
3.0
1.6
4.4
3.6
4.5
0.9
0.2
2.7
Kawhi Leonard
POR
30.1
11.5
4.2
8.4
1.9
2.3
1.2
3.0
5.3
1.7
1.7
0.5
1.1
Jason Thompson
PHX
28.9
11.2
4.6
9.1
1.9
2.8
0.0
0.2
7.2
1.1
0.6
0.9
1.3
Dion Waiters
MEM
30.6
14.9
5.6
13.5
2.7
3.5
1.1
3.5
2.7
3.2
1.1
0.3
2.1
Spencer Hawes
MIA
26.8
10.5
4.4
9.6
1.6
2.1
0.2
0.7
7.1
1.7
0.2
1.3
1.6
Pau Gasol
TOR
25.7
10.3
4.0
8.7
1.9
3.0
0.2
0.5
6.3
2.5
0.4
1.0
1.5
Gerald Henderson
OKC
29.2
13.8
5.1
12.0
3.0
3.7
0.7
1.9
3.6
2.4
0.9
0.4
1.5
Tiago Splitter
POR
24.9
10.4
3.9
6.7
2.7
3.6
0.0
0.0
6.3
1.4
0.7
0.9
1.1
Nate Robinson
UTAH
26.3
12.6
4.6
11.0
1.9
2.3
1.4
3.6
2.4
4.3
1.2
0.2
1.7
Derrick Favors
CHI
22.8
9.8
3.7
7.6
2.3
3.4
0.0
0.1
6.7
0.9
0.8
1.3
1.5
Gerald Wallace
WSH
31.8
9.3
3.1
7.7
2.1
3.2
0.8
2.4
5.3
2.8
1.3
0.8
1.7
Glen Davis
IND
25.2
11.8
4.9
11.0
1.8
2.8
0.1
0.2
5.8
1.5
0.7
0.5
1.5
Tayshaun Prince
CLE
32
12.0
4.9
10.7
1.7
2.2
0.6
1.4
4.7
2.5
0.6
0.4
1.2
Gordon Hayward
CHI
27.6
13.7
4.5
10.6
3.5
4.2
1.2
3.1
3.2
2.6
0.7
0.5
1.7
Michael Kidd-Gilchrist
OKC
27
10.0
3.9
8.6
2.1
2.8
0.1
0.4
6
1.5
0.8
1.0
1.5
Isaiah Thomas
PHX
27.1
13.4
4.6
10.5
3.0
3.4
1.2
3.7
2.1
4.0
0.9
0.1
1.7
Jordan Crawford
ATL
26.4
13.2
4.9
11.7
2.2
2.7
1.3
3.8
3.3
3.6
0.7
0.1
2.1
Elton Brand
DET
23
8.6
3.6
7.3
1.3
1.9
0.1
0.2
6.6
1.0
0.7
1.3
0.9
Kevin Martin
CHA
28.7
14.9
4.9
10.7
3.0
3.4
2.0
4.9
2.6
1.6
1.0
0.1
1.5
Jared Dudley
SAC
30.4
12.2
4.4
9.5
2.1
2.6
1.4
3.5
3.5
2.6
1.0
0.2
1.5
Kyle Korver
BOS
31.1
11.1
3.8
8.4
1.0
1.2
2.4
5.5
4.1
1.9
1.0
0.5
0.9
Trevor Ariza
BKN
27.2
9.6
3.4
8.4
1.8
2.2
1.1
3.2
4.9
2.2
1.5
0.4
1.6
Carl Landry
HOU
24.1
11.1
4.1
7.8
2.9
3.6
0.1
0.3
6.4
0.9
0.4
0.5
1.4
Andrea Bargnani
LAL
29.1
13.1
5.1
12.4
1.9
2.3
1.0
3.1
4
1.2
0.6
0.6
1.5
Tony Allen
CLE
27.5
9.4
3.7
8.3
1.7
2.3
0.3
1.0
5.1
1.3
1.5
0.6
1.2
Rodney Stuckey
DAL
28.4
11.3
4.0
10.1
2.5
3.2
0.8
2.8
3.1
3.8
0.8
0.2
1.8
Carlos Delfino
GS
26.9
11.6
4.2
9.7
1.2
1.4
2.2
5.6
3.5
2.2
1.0
0.2
1.2
Patrick Patterson
PHX
25.3
11.3
4.7
9.2
1.1
1.5
0.8
2.0
4.7
1.0
0.5
0.7
1.0
Shannon Brown
SAC
26
12.2
4.6
10.8
2.0
2.6
0.9
2.9
2.9
2.1
1.1
0.3
1.5
Alonzo Gee
MEM
31.1
10.6
3.8
9.1
2.1
2.7
0.8
2.6
4
1.9
1.3
0.4
1.7
Danny Green
POR
27.4
10.9
3.9
8.5
1.0
1.2
2.1
4.9
3.2
1.8
1.1
0.6
1.1
Marcus Thornton
PHX
26
13.4
4.7
11.2
2.2
2.6
1.8
5.0
2.6
1.5
0.9
0.1
1.1
Andray Blatche
WSH
19
9.7
3.8
7.8
1.9
2.8
0.1
0.4
5.1
1.0
1.0
0.7
1.3
Tyler Zeller
MEM
27.1
8.4
3.3
7.5
1.8
2.4
0.1
0.2
6.2
1.3
0.5
0.9
1.3
Earl Clark
TOR
24.4
8.2
3.2
7.0
1.3
1.9
0.5
1.3
6.4
1.1
0.7
0.8
1.3
Kirk Hinrich
UTAH
29.7
8.1
2.9
7.2
1.3
1.9
0.9
2.4
2.6
5.5
0.9
0.4
1.7
Jeff Green
ATL
26.1
11.2
4.1
9.0
2.4
3.0
0.6
1.9
3.9
1.3
0.6
0.8
1.5
Taj Gibson
UTAH
22.9
8.2
3.3
7.0
1.4
2.1
0.0
0.1
5.7
0.9
0.5
1.3
1.2
Lance Stephenson
ORL
29.7
9.0
3.6
7.9
0.8
1.2
0.9
2.7
4
2.8
1.1
0.2
1.3
Thabo Sefolosha
CHA
28.2
8.4
3.1
6.4
0.9
1.1
1.3
3.1
4.1
1.8
1.4
0.5
0.8
Avery Bradley
ATL
29
10.4
4.2
9.9
1.0
1.3
0.9
2.9
2.8
2.2
1.4
0.4
1.5
Martell Webster
BKN
28.7
10.5
3.5
7.7
2.1
2.4
1.5
3.4
4.2
1.8
0.6
0.3
1.2
Ed Davis
CLE
21.1
8.3
3.4
6.4
1.3
2.2
0.0
0.1
5.6
0.9
0.5
1.0
0.9
John Salmons
PHX
29.8
10.0
3.6
8.5
1.4
1.8
1.4
3.4
2.8
2.9
0.9
0.3
1.3
Jason Maxiell
DAL
25.3
7.1
2.9
6.3
1.3
2.1
0.0
0.0
5.9
0.7
0.5
1.4
1.2
Richard Hamilton
UTAH
24.6
11.9
4.7
10.7
1.9
2.2
0.5
1.6
2.2
2.7
0.6
0.2
1.8
Ray Allen
PHI
26.4
11.1
3.8
8.5
2.0
2.3
1.6
3.9
3
1.7
0.8
0.2
1.2
Bismack Biyombo
OKC
25.8
5.4
2.2
4.7
1.0
1.9
0.0
0.1
6.8
0.6
0.4
1.7
1.1
Jason Terry
ATL
27.9
10.7
3.8
8.9
1.5
1.7
1.6
4.1
2.3
2.5
0.9
0.1
1.2
Mario Chalmers
PHI
26.7
8.4
3.1
7.1
1.0
1.4
1.2
3.2
2.3
3.5
1.5
0.2
1.6
Harrison Barnes
HOU
25.9
9.7
3.6
8.2
1.7
2.3
0.8
2.2
4.2
1.5
0.7
0.2
1.2
Michael Beasley
SAC
21.9
10.4
4.2
10.2
1.4
1.9
0.6
1.6
4.1
1.5
0.5
0.5
2.0
Brandon Bass
ATL
26.7
8.2
3.3
7.3
1.6
1.9
0.1
0.3
5.2
1.0
0.6
0.6
1.0
Will Bynum
DAL
20.1
10.1
3.9
8.8
1.7
2.2
0.6
1.8
1.7
4.1
0.8
0.1
1.9
Randy Foye
CHI
27.5
11.4
3.8
9.5
1.8
2.2
2.0
5.0
1.7
2.2
0.8
0.3
1.3
Kevin Seraphin
BKN
23
9.6
4.3
9.5
1.0
1.5
0.1
0.2
4.9
0.9
0.3
0.7
1.7
Ben Gordon
OKC
21.6
11.8
4.5
10.7
1.5
1.8
1.4
3.6
2.1
2.3
0.6
0.2
1.8
Zaza Pachulia
BOS
22.5
6.4
2.4
5.0
1.5
2.1
0.1
0.2
6.5
1.4
0.6
0.3
1.3
Dorell Wright
MIA
22
8.0
2.7
6.8
1.4
1.8
1.3
3.4
4.2
1.6
0.8
0.4
0.9
Jonas Valanciunas
LAL
21.2
6.9
2.7
5.5
1.4
2.0
0.0
0.0
5.9
0.8
0.3
1.0
1.3
Devin Harris
BOS
24.4
9.2
3.2
7.1
1.5
2.1
1.3
3.6
2.2
2.8
1.1
0.2
1.5
Kyle Singler
DAL
27.8
8.9
3.4
7.7
1.3
1.6
0.8
2.1
4.2
1.1
0.6
0.5
1.2
Marco Belinelli
UTAH
26.3
11.1
3.9
9.1
2.2
2.6
1.2
3.3
2.1
2.0
0.6
0.1
1.2
Markieff Morris
SAC
20.2
7.7
3.1
7.5
1.1
1.6
0.3
1.2
4.6
1.1
0.8
0.6
1.2
Kendrick Perkins
CHA
24.9
4.6
1.9
4.0
0.8
1.2
0.0
0.1
6.2
1.4
0.6
1.2
1.3
Reggie Evans
WSH
22.9
3.8
1.3
2.9
1.1
2.2
0.0
0.0
8.8
0.6
0.8
0.3
1.4
C.J. Miles
MEM
22.1
11.0
3.9
9.4
1.6
1.8
1.6
4.4
2.6
1.0
0.7
0.2
1.1
Antawn Jamison
TOR
21.6
8.8
3.3
7.1
1.3
1.9
0.9
2.6
4.5
0.8
0.4
0.3
0.8
Courtney Lee
ATL
25.2
8.2
3.2
7.1
1.0
1.2
0.7
2.2
2.8
2.0
1.2
0.2
1.1
Jermaine O'Neal
SAC
16.3
6.8
2.6
5.4
1.5
2.0
0.0
0.0
5
0.6
0.4
1.2
1.1
Mo Williams
CHI
22
8.8
3.3
7.8
0.9
1.2
0.9
2.4
1.5
4.4
0.6
0.2
1.9
A.J. Price
BKN
23
7.6
2.8
7.3
0.9
1.1
1.0
3.1
2.3
4.0
0.6
0.1
1.2
E'Twaun Moore
IND
23.6
8.6
3.4
8.4
0.9
1.1
1.0
2.8
2.3
3.0
0.6
0.3
1.6
Marreese Speights
MEM
16.6
8.0
3.1
7.1
1.6
2.4
0.1
0.2
4.7
0.5
0.3
0.6
0.9
Maurice Harkless
IND
22.3
6.5
2.8
5.8
0.7
1.2
0.3
1.0
4.3
0.7
0.9
0.7
0.7
Andrew Nicholson
IND
18.9
8.8
3.8
7.2
1.2
1.5
0.1
0.3
4
0.6
0.4
0.5
1.2
Marvin Williams
CHI
24.9
7.9
3.0
6.9
1.2
1.6
0.8
2.1
3.8
1.0
0.5
0.6
1.0
Jerryd Bayless
CLE
20.9
7.3
2.8
6.5
0.9
1.2
0.8
2.1
2.1
3.5
0.8
0.2
1.5
Boris Diaw
POR
23.4
6.7
2.6
4.9
0.7
1.0
0.7
1.4
3.5
2.3
0.6
0.3
1.1
P.J. Tucker
SAC
24.1
6.4
2.6
5.6
0.8
1.1
0.4
1.0
4.3
1.4
0.7
0.2
0.8
Jimmy Butler
UTAH
22.2
7.3
2.6
5.4
1.7
2.0
0.4
1.2
3.6
1.0
0.7
0.2
0.6
Jamaal Tinsley
CHI
22.5
4.3
1.7
4.5
0.4
0.6
0.6
1.9
2.3
5.0
1.1
0.2
1.8
Nick Collison
CHA
19.1
5.1
2.1
3.6
0.8
1.1
0.0
0.1
4.5
1.3
0.6
0.6
0.8
Shane Battier
PHI
25.2
7.0
2.3
5.4
0.5
0.6
1.8
4.1
2.8
1.0
0.5
0.7
0.5
Charlie Villanueva
DAL
16
7.0
2.7
6.5
0.4
0.9
1.0
2.9
3.5
0.7
0.5
0.5
0.7
Beno Udrih
IND
19.9
6.8
2.7
6.3
1.0
1.3
0.4
1.6
1.9
3.8
0.5
0.0
1.5
Steve Blake
TOR
22.4
5.5
2.0
4.8
0.5
0.8
0.9
2.3
2.1
3.9
0.7
0.1
1.2
C.J. Watson
WSH
20.4
7.0
2.6
6.2
0.9
1.2
1.0
2.7
1.8
2.2
0.8
0.2
0.9
Landry Fields
LAL
21
5.0
2.1
4.5
0.8
1.2
0.1
0.4
4.5
1.4
0.7
0.1
0.9
Udonis Haslem
PHI
19.8
4.0
1.7
3.3
0.6
0.9
0.0
0.0
5.8
0.5
0.5
0.4
0.7
Kris Humphries
WSH
16.9
5.1
1.9
4.1
1.2
1.8
0.0
0.1
5.3
0.4
0.3
0.4
0.8
Shaun Livingston
MEM
20
5.3
2.0
4.5
1.1
1.3
0.2
0.6
2.1
2.9
0.6
0.4
1.0
Jodie Meeks
TOR
19
8.1
2.7
6.4
1.1
1.3
1.5
3.8
2
0.8
0.7
0.1
0.7
Stephen Jackson
POR
19.9
6.4
2.3
5.9
1.2
1.8
0.7
2.4
3
1.4
0.7
0.3
1.4
Nick Young
MIA
19.1
8.2
3.0
7.1
1.0
1.6
1.0
2.6
1.8
1.2
0.4
0.2
0.7
DeMarre Carroll
CHI
16.7
6.1
2.3
4.8
1.0
1.5
0.3
1.0
2.9
0.8
0.8
0.3
0.5
Patrick Beverley
GS
14.3
5.1
1.7
4.1
0.8
1.2
0.8
1.9
2.1
2.6
0.9
0.3
1.0
Quincy Pondexter
CLE
21.7
7.0
2.4
5.4
0.9
1.2
1.2
2.8
2.2
1.3
0.6
0.1
0.7
Andrew Bogut
HOU
13.8
3.9
1.7
3.5
0.3
0.9
0.0
0.0
3.9
1.1
0.3
0.9
0.5
Enes Kanter
CHI
13.5
6.0
2.5
4.7
0.9
1.4
0.0
0.0
3.9
0.4
0.4
0.5
1.2
James Johnson
PHX
15.8
5.1
2.1
5.0
0.7
1.2
0.1
0.5
2.9
0.9
0.7
0.9
1.1
Chris Kaman
DET
13.1
6.4
2.8
5.6
0.6
1.1
0.0
0.1
3.5
0.5
0.2
0.5
0.9
Bernard James
DET
14.7
4.3
1.7
3.2
0.7
1.2
0.0
0.0
4.1
0.3
0.3
1.1
0.7
Brendan Haywood
OKC
18.9
4.1
1.7
3.9
0.5
1.1
0.0
0.0
4.7
0.5
0.3
0.8
1.0
Jeremy Pargo
MIA
17.3
7.3
2.7
6.6
1.0
1.6
0.8
2.1
1.4
2.4
0.4
0.1
1.3
Darrell Arthur
CLE
16.3
6.0
2.6
5.8
0.6
0.9
0.2
0.5
3.1
0.6
0.4
0.5
0.8
Trevor Booker
BKN
15.8
4.6
2.0
4.3
0.5
1.1
0.0
0.3
3.8
0.7
0.6
0.4
0.7
Jeffery Taylor
OKC
20.5
6.4
2.4
5.6
0.9
1.3
0.7
1.9
2.2
0.9
0.7
0.2
0.7
Wayne Ellington
MEM
19.3
6.9
2.5
5.9
1.0
1.1
1.0
2.4
1.9
1.1
0.5
0.1
0.6
Tobias Harris
IND
14.3
6.4
2.5
5.0
0.9
1.3
0.3
1.0
2.7
0.6
0.4
0.3
0.7
Brandan Wright
DET
12.8
5.6
2.4
3.9
0.7
1.3
0.0
0.0
2.9
0.4
0.3
0.7
0.5
Francisco Garcia
GS
17.7
5.5
2.1
5.3
0.5
0.6
0.9
2.6
1.7
1.1
0.8
0.6
0.6
Ian Mahinmi
ORL
15.6
4.9
1.7
3.7
1.2
2.0
0.0
0.0
3.7
0.3
0.4
0.8
1.1
Donatas Motiejunas
GS
13.9
7.0
2.6
5.6
1.0
1.7
0.6
1.8
2.5
0.9
0.2
0.2
0.9
Tyler Hansbrough
ORL
14
5.5
1.8
3.9
1.6
2.6
0.0
0.1
3.6
0.5
0.3
0.3
0.7
Festus Ezeli
HOU
16.3
3.2
1.3
2.9
0.5
1.0
0.0
0.0
4.5
0.4
0.4
1.0
1.0
Thomas Robinson
GS
13.8
4.5
1.8
4.0
0.6
1.3
0.0
0.1
4
0.6
0.5
0.4
1.0
Jonas Jerebko
DAL
14.3
5.7
2.1
5.1
0.8
1.4
0.4
1.4
2.9
0.6
0.6
0.1
0.7
DeShawn Stevenson
BOS
21.8
5.7
1.9
4.8
0.3
0.6
1.5
3.7
2.4
1.1
0.5
0.1
0.5
Jimmer Fredette
PHX
14.6
7.0
2.4
5.9
1.2
1.5
0.9
2.2
1.2
1.4
0.5
0.1
0.9
Earl Watson
CHI
18.5
2.7
1.1
3.2
0.4
0.6
0.1
0.7
1.9
3.9
0.8
0.2
1.4
Alan Anderson
LAL
14.7
7.0
2.4
6.2
0.9
1.6
0.9
2.6
1.4
1.1
0.5
0.1
0.8
Jeff Adrien
OKC
14
4.0
1.5
3.3
0.9
1.6
0.0
0.0
3.7
0.6
0.2
0.6
0.7
Chuck Hayes
PHX
15.7
2.6
1.1
2.5
0.4
0.8
0.0
0.1
4
1.3
0.4
0.4
0.6
Greg Smith
GS
11.6
4.6
1.8
3.0
0.7
1.4
0.0
0.0
3.4
0.3
0.2
0.5
0.5
Terrence Ross
LAL
14.6
5.6
2.2
5.5
0.3
0.6
0.7
2.1
2
0.7
0.5
0.2
0.6
Cory Joseph
POR
13.2
4.5
1.7
3.7
0.7
0.7
0.4
1.1
1.7
2.0
0.7
0.0
0.9
Norris Cole
PHI
18.4
4.9
2.0
5.1
0.7
1.0
0.3
1.0
1.6
1.9
0.6
0.1
1.1
Meyers Leonard
SA
13.9
4.3
1.7
3.1
0.8
1.2
0.0
0.0
3.2
0.3
0.2
0.5
0.6
Andre Drummond
DAL
8.9
3.2
1.4
2.5
0.2
1.0
0.0
0.0
3.2
0.2
0.4
0.7
0.4
Garrett Temple
BKN
15.2
3.6
1.5
3.7
0.5
0.8
0.1
0.9
1.8
1.9
0.6
0.3
0.8
Lavoy Allen
MIA
12.1
3.5
1.5
3.3
0.2
0.6
0.0
0.1
3
0.5
0.2
0.4
0.4
Marcus Morris
SAC
11.8
4.8
1.8
4.0
0.3
0.9
0.7
1.7
2.2
0.5
0.3
0.2
0.6
Chris Wilcox
ATL
11.9
3.7
1.5
2.3
0.5
1.0
0.0
0.1
2.7
0.3
0.4
0.4
0.5
D.J. Augustin
ORL
14.3
4.1
1.3
3.5
0.9
1.2
0.6
1.9
1.1
2.2
0.4
0.1
0.7
Hedo Turkoglu
IND
16.7
3.3
1.3
4.5
0.3
0.7
0.2
1.8
2
1.9
0.6
0.1
1.1
John Lucas
LAL
11.2
5.2
2.0
4.6
0.3
0.5
0.8
1.9
0.9
1.5
0.3
0.0
0.4
Aaron Brooks
PHX
12.6
4.9
1.8
3.9
0.4
0.8
0.6
1.5
1.1
1.4
0.4
0.1
0.8
Austin Daye
CLE
10.6
4.2
1.5
3.3
0.4
0.6
0.6
1.4
2
0.6
0.2
0.3
0.4
Brandon Rush
HOU
12.3
6.3
2.6
4.5
0.7
1.3
0.2
1.1
0.9
1.1
0.1
0.0
1.2
Danny Granger
ORL
12.5
4.8
1.8
5.7
0.6
1.2
0.4
1.7
1.4
0.7
0.4
0.1
0.7
Royal Ivey
MIA
16.3
4.0
1.4
3.4
0.4
0.6
0.7
1.9
1.5
0.9
0.5
0.1
0.5
Reggie Jackson
CHA
10.5
3.8
1.5
3.2
0.4
0.7
0.3
1.0
1.5
1.4
0.3
0.1
0.7
Matt Bonner
POR
10.9
3.8
1.4
3.1
0.1
0.2
0.8
1.7
1.6
0.6
0.3
0.2
0.2
Victor Claver
SA
12.6
2.7
1.1
2.9
0.2
0.6
0.2
0.9
2.4
0.6
0.5
0.2
0.7
Mike Miller
PHI
12
3.2
1.2
2.9
0.2
0.3
0.7
1.8
1.9
0.9
0.3
0.1
0.4
Gary Neal
POR
11.2
4.7
1.8
4.4
0.3
0.6
0.6
1.7
1.1
0.9
0.2
0.0
0.6
Rodrigue Beaubois
DET
10.1
3.3
1.2
3.2
0.5
0.8
0.3
1.2
1.1
1.4
0.4
0.1
0.6
Kyle O'Quinn
IND
6.9
2.8
1.1
2.1
0.4
0.8
0.0
0.0
2.1
0.4
0.2
0.4
0.3
Derek Fisher
CHA
11.6
3.8
1.2
3.3
0.5
1.0
0.5
1.4
0.7
1.4
0.4
0.1
0.7
Toney Douglas
PHX
9.4
3.9
1.4
3.5
0.3
0.7
0.5
1.4
0.9
1.0
0.5
0.0
0.6
MarShon Brooks
WSH
9.4
4.1
1.5
3.5
0.5
1.1
0.2
0.7
1
1.0
0.3
0.1
0.8
Daniel Gibson
MEM
11.8
3.6
1.3
3.4
0.2
0.4
0.8
2.0
0.9
1.0
0.4
0.1
0.4
Shelvin Mack
BOS
10.2
2.9
1.2
3.0
0.1
0.3
0.2
0.8
1.2
1.6
0.4
0.0
0.7
Jerry Stackhouse
WSH
12.8
4.3
1.5
4.1
0.5
0.7
0.7
2.2
0.8
0.7
0.2
0.1
0.6
Anthony Tolliver
BOS
10.9
3.0
1.0
2.6
0.4
0.6
0.5
1.4
1.8
0.4
0.2
0.2
0.5
Ronnie Price
SA
9.9
2.2
0.8
2.3
0.3
0.6
0.2
0.7
1
1.5
0.5
0.1
0.6
Eric Maynor
SA
9.7
2.8
1.0
2.8
0.3
0.6
0.3
0.9
0.6
1.9
0.3
0.0
0.8
Alec Burks
CHI
8
3.0
1.1
2.6
0.3
0.9
0.2
0.6
1.1
0.7
0.3
0.1
0.5
Devin Ebanks
TOR
7.6
2.7
1.0
2.8
0.3
0.6
0.2
0.7
1.5
0.4
0.2
0.1
0.4
Anthony Morrow
DET
8.2
3.3
1.3
2.9
0.3
0.5
0.4
1.1
0.8
0.3
0.3
0.0
0.1
Richard Jefferson
HOU
8.3
2.6
0.9
2.1
0.3
0.7
0.3
0.9
1.4
0.4
0.2
0.1
0.3
Dahntay Jones
BOS
10.4
2.7
0.8
2.3
0.6
1.0
0.2
0.7
1.1
0.5
0.2
0.1
0.3
Jae Crowder
DET
7.3
2.5
0.9
2.2
0.1
0.5
0.4
1.1
1
0.5
0.4
0.0
0.3
Patrick Mills
POR
7
3.1
1.2
2.4
0.2
0.3
0.5
1.2
0.6
0.6
0.3
0.0
0.4
Viacheslav Kravtsov
DAL
7.4
2.6
1.1
1.6
0.2
1.0
0.0
0.0
1.4
0.2
0.2
0.2
0.6
Sebastian Telfair
LAL
7
2.5
0.9
2.3
0.2
0.5
0.4
1.0
0.6
1.0
0.3
0.1
0.5
Jordan Hill
TOR
5
2.1
0.8
1.7
0.2
0.7
0.0
0.0
1.7
0.1
0.1
0.2
0.3
Orlando Johnson
ORL
7.4
2.3
0.8
1.9
0.2
0.5
0.4
0.8
1.3
0.5
0.1
0.1
0.4
Quincy Acy
LAL
5
1.9
0.7
1.2
0.3
0.6
0.0
0.0
1.3
0.1
0.2
0.3
0.2
Mickael Pietrus
LAL
9.6
2.6
0.9
2.5
0.2
0.5
0.5
1.5
0.8
0.3
0.3
0.1
0.4
Arnett Moultrie
MIA
6
1.9
0.8
1.5
0.1
0.5
0.0
0.1
1.4
0.1
0.2
0.1
0.1
Kendall Marshall
SAC
9.3
1.9
0.8
1.9
0.1
0.2
0.2
0.7
0.5
1.4
0.2
0.0
0.7
Corey Maggette
DAL
4.9
1.9
0.6
1.6
0.2
0.7
0.1
0.5
0.5
0.4
0.1
0.0
0.3
