nullJames Harden
PHX
38.4
26.1
8.0
17.7
8.1
9.4
2.1
5.8
5
5.5
1.9
0.5
3.5
Carmelo Anthony
UTAH
37.6
26.8
9.3
20.6
6.2
7.4
2.1
5.4
6.8
2.7
0.8
0.6
2.6
Stephen Curry
MIL
38.5
23.4
8.0
17.9
4.6
5.1
2.9
6.6
4.3
6.5
1.7
0.2
3.2
David Lee
MIL
37.1
19.0
7.7
15.3
3.5
4.4
0.2
0.5
11.3
3.4
0.9
0.3
2.5
Josh Smith
BKN
35.9
16.9
6.9
15.2
2.1
4.3
0.7
2.2
9
3.8
1.2
1.8
3.0
Al Jefferson
NY
34.1
18.1
7.7
15.9
2.7
3.4
0.1
0.4
9.6
2.3
1.0
1.2
1.5
Monta Ellis
GS
37.6
20.1
7.5
17.9
4.0
5.2
1.0
3.7
4.1
5.9
2.0
0.4
3.2
Marc Gasol
NO
35.2
15.3
5.8
11.6
4.0
4.6
0.1
0.3
8.5
3.6
0.9
1.7
2.0
Al Horford
BKN
35.4
16.5
7.1
13.3
2.0
3.3
0.2
0.5
9.1
2.8
1.0
1.0
2.0
Brandon Jennings
GS
37.1
18.8
6.7
16.4
3.3
4.1
2.1
5.6
3.4
6.7
1.8
0.2
2.7
Brook Lopez
ATL
31.5
18.5
7.3
14.2
3.8
5.0
0.0
0.2
7.7
1.2
0.5
1.9
1.8
Deron Williams
ATL
37
17.9
6.0
14.1
4.1
4.8
1.7
4.8
3.6
7.3
1.1
0.4
3.0
Zach Randolph
NO
34
15.0
6.1
12.9
2.7
3.6
0.1
0.5
10.7
1.5
0.8
0.5
1.8
Ty Lawson
MIN
34.9
17.1
6.2
13.8
3.4
4.6
1.1
3.1
3.1
7.2
1.6
0.1
2.7
Kemba Walker
WSH
34.9
17.1
6.2
14.5
3.5
4.4
1.2
3.5
3.5
5.6
1.8
0.4
2.4
Paul Millsap
NY
30.4
15.2
5.7
11.6
3.5
4.6
0.3
0.7
7.2
2.4
1.3
1.0
1.9
Greivis Vasquez
MEM
34.7
14.0
5.5
13.0
1.9
2.4
1.1
3.1
4.4
8.4
0.9
0.1
3.1
Raymond Felton
UTAH
34.5
15.9
6.3
14.6
2.0
2.6
1.4
3.8
3
6.3
1.5
0.3
2.4
John Wall
CHA
30.9
14.6
5.3
12.6
3.9
4.7
0.1
0.8
3.6
7.4
1.2
0.7
3.6
J.R. Smith
UTAH
33.4
16.6
6.1
14.9
2.6
3.4
1.7
4.9
5
3.1
1.3
0.4
1.6
Tyson Chandler
UTAH
33
10.9
4.1
6.7
2.7
3.9
0.0
0.0
10.7
1.1
0.7
1.2
1.2
Kenneth Faried
MIN
29.1
12.0
4.9
9.0
2.0
3.3
0.0
0.0
9.5
1.3
1.1
1.0
1.5
Nene Hilario
CHA
28.8
14.1
5.3
10.5
3.3
4.4
0.2
0.5
7.4
3.0
1.0
0.7
2.4
Andre Iguodala
MIN
33.8
13.7
5.1
11.3
2.2
3.8
1.1
3.5
5
5.0
1.7
0.5
2.6
Larry Sanders
GS
26.9
9.3
4.0
7.7
1.2
2.1
0.0
0.0
9.1
1.2
0.7
2.9
1.4
Anthony Davis
MEM
28.5
12.9
5.1
10.2
2.6
3.6
0.0
0.2
7.7
1.0
1.1
1.7
1.5
Ryan Anderson
MEM
32.2
16.8
6.2
13.8
2.3
2.7
2.2
5.7
6.8
1.3
0.6
0.5
1.3
Jeff Teague
BKN
33.8
15.0
5.6
12.4
2.8
3.2
1.1
3.0
2.7
7.0
1.4
0.4
2.9
Marcin Gortat
HOU
30.9
12.0
5.1
9.9
1.8
2.7
0.0
0.0
9.3
1.2
0.7
1.5
1.7
Goran Dragic
HOU
33.4
14.2
5.1
11.8
2.8
3.8
1.2
3.7
3.1
7.1
1.4
0.3
2.6
Mike Conley
NO
34.2
13.8
5.0
11.3
2.7
3.2
1.3
3.5
2.7
6.3
2.2
0.3
2.5
Danilo Gallinari
MIN
32.7
16.5
5.5
12.7
3.6
4.4
1.9
5.0
5.3
2.4
0.9
0.6
1.6
Jeremy Lin
PHX
32.1
13.4
4.9
10.9
2.5
3.2
1.1
3.2
3.5
6.1
1.8
0.3
2.7
Chandler Parsons
PHX
35
14.5
5.6
11.6
1.5
2.1
1.7
4.5
5.2
3.5
1.1
0.4
2.0
Joe Johnson
ATL
37.3
17.4
6.5
14.9
2.6
3.1
1.8
4.9
3.4
3.8
0.6
0.3
2.0
Omer Asik
PHX
29.1
9.8
3.8
7.1
2.0
3.6
0.0
0.0
10.5
1.0
0.7
1.2
1.9
Emeka Okafor
CHA
26.9
10.4
4.4
8.9
1.4
2.6
0.0
0.0
9.2
1.3
0.6
1.2
1.5
Klay Thompson
MIL
34.9
16.1
6.0
14.2
2.1
2.4
2.2
5.8
4.1
2.5
1.0
0.5
2.0
Ricky Rubio
DEN
30
9.6
3.1
8.3
3.1
4.1
0.3
1.4
3.8
7.6
2.2
0.1
3.1
Jarrett Jack
MIL
30.9
13.5
5.0
11.0
2.4
2.8
1.1
2.8
3.2
6.1
1.0
0.1
2.3
Bradley Beal
CHA
32.7
15.2
5.5
13.0
2.8
3.5
1.5
3.9
3.8
2.6
1.0
0.6
1.6
Ersan Ilyasova
GS
26.7
11.8
4.5
9.7
1.8
2.3
1.0
2.3
6.5
1.6
0.8
0.6
1.0
Eric Gordon
MEM
31
16.8
5.8
14.5
3.9
4.6
1.4
4.1
2.1
3.5
1.0
0.2
2.7
Luis Scola
HOU
25.2
12.3
5.0
10.6
2.2
2.8
0.1
0.4
6
2.1
0.8
0.4
1.4
J.J. Redick
GS
30.8
15.0
5.2
11.5
2.5
2.8
2.1
5.4
2.5
4.4
0.6
0.1
2.0
Robin Lopez
MEM
26
11.1
4.5
8.6
2.2
2.8
0.0
0.0
5.8
0.9
0.5
1.7
1.2
Amar'e Stoudemire
UTAH
24.5
14.3
5.5
9.4
3.4
4.3
0.0
0.1
5.2
0.7
0.5
0.7
1.8
Luke Ridnour
DEN
31.6
13.0
5.0
11.0
2.1
2.5
1.0
3.0
2.7
4.0
1.1
0.2
1.7
Gerald Henderson
WSH
29.3
13.7
5.1
11.7
3.0
3.7
0.6
1.8
3.5
2.3
0.9
0.4
1.5
Al-Farouq Aminu
MEM
27.4
7.8
3.2
6.5
1.4
1.9
0.1
0.3
7.6
1.4
1.2
0.7
1.5
Gordon Hayward
NY
27.1
13.5
4.5
10.6
3.3
4.0
1.2
3.1
3
2.7
0.7
0.5
1.7
Michael Kidd-Gilchrist
WSH
26.9
9.7
3.8
8.4
2.1
2.8
0.1
0.4
6
1.6
0.7
1.0
1.5
Derrick Favors
NY
22.2
9.2
3.5
7.3
2.0
3.0
0.0
0.1
6.3
1.0
0.8
1.3
1.5
Andrew Bogut
MIL
24.1
7.2
3.1
6.2
0.8
1.5
0.0
0.1
6.9
1.9
0.4
1.5
1.0
Derrick Williams
DEN
24.2
11.9
4.4
9.9
2.4
3.4
0.7
2.2
5.9
0.6
0.6
0.5
1.3
Gerald Wallace
ATL
30.5
8.6
3.0
7.2
1.8
2.8
0.7
2.2
5.2
2.8
1.3
0.7
1.8
Jason Kidd
UTAH
28.9
7.8
2.7
6.5
0.9
1.0
1.5
4.2
4.2
3.7
1.7
0.4
1.2
Andre Miller
MIN
25.5
9.5
3.6
7.4
1.9
2.3
0.4
1.2
3.1
5.6
0.9
0.2
2.0
Tayshaun Prince
NO
32.3
11.1
4.5
10.3
1.4
1.9
0.6
1.5
4.5
2.4
0.6
0.3
1.1
Kosta Koufos
MIN
23.1
7.8
3.5
5.9
0.8
1.4
0.0
0.0
6.8
0.5
0.6
1.5
0.7
Kyle Korver
BKN
30.8
11.1
3.7
8.1
1.1
1.3
2.5
5.4
4
1.9
0.9
0.5
0.9
Juan Jose Barea
DEN
24.6
11.6
4.3
10.4
1.9
2.4
1.1
3.1
3
4.3
0.6
0.0
2.0
Mike Dunleavy
GS
26.5
11.2
3.9
8.5
1.6
2.0
1.7
4.1
4.1
2.0
0.6
0.4
1.3
Trevor Ariza
CHA
25.8
9.0
3.3
7.9
1.5
1.8
1.0
3.1
4.4
2.3
1.4
0.4
1.5
Martell Webster
CHA
28.9
11.3
3.7
8.1
2.1
2.5
1.8
4.0
3.8
2.0
0.7
0.3
1.2
Alexey Shved
DEN
27
10.7
3.8
9.7
1.8
2.5
1.2
3.8
2.6
4.0
0.8
0.4
2.1
Wilson Chandler
MIN
22.5
10.8
4.0
9.4
1.8
2.2
1.1
2.6
4.8
0.9
0.9
0.3
1.1
Ed Davis
NO
21.7
8.8
3.6
6.7
1.3
2.3
0.0
0.1
5.9
1.0
0.5
0.9
1.0
Carlos Delfino
PHX
26.2
10.9
3.9
9.2
1.0
1.2
2.1
5.4
3.2
2.3
1.0
0.2
1.2
Tony Allen
NO
27.1
8.8
3.5
8.0
1.7
2.2
0.1
0.7
4.6
1.3
1.4
0.5
1.2
Corey Brewer
MIN
23.2
11.0
4.1
9.9
1.4
2.2
1.1
3.7
3
1.6
1.2
0.3
1.1
Andray Blatche
ATL
18.7
9.3
3.6
7.6
1.8
2.7
0.0
0.3
5
1.0
1.0
0.6
1.4
JaVale McGee
MIN
18.4
8.6
3.5
6.3
1.4
2.6
0.0
0.0
4.8
0.4
0.3
1.8
1.0
Dante Cunningham
DEN
25.1
8.3
3.6
7.9
0.8
1.4
0.2
0.5
5.1
0.9
0.9
0.5
0.7
Harrison Barnes
MIL
26.7
9.9
3.7
8.3
1.7
2.3
0.8
2.2
4.2
1.6
0.7
0.3
1.3
Bismack Biyombo
WSH
25.9
5.0
2.0
4.3
1.0
1.9
0.0
0.0
7
0.5
0.4
1.7
1.2
Byron Mullens
WSH
21.1
8.5
3.3
8.3
1.2
1.7
0.7
2.3
5.3
1.1
0.5
0.5
1.3
Ben Gordon
WSH
21.9
11.8
4.4
10.5
1.7
2.1
1.3
3.4
1.9
2.2
0.6
0.3
1.7
Reggie Evans
ATL
23.1
3.9
1.4
3.1
1.0
2.0
0.0
0.0
8.9
0.7
0.8
0.3
1.2
Luc Mbah a Moute
GS
25.2
8.1
3.1
7.4
1.5
2.5
0.3
1.0
5.1
1.2
0.8
0.3
1.3
Mo Williams
NY
22.5
9.0
3.4
8.0
1.0
1.3
1.0
2.6
1.5
4.7
0.7
0.2
1.9
Devin Harris
BKN
24.6
9.2
3.2
7.2
1.6
2.2
1.3
3.6
2
3.0
1.1
0.2
1.5
Markieff Morris
HOU
21.1
7.9
3.2
7.7
1.1
1.6
0.5
1.5
4.4
1.3
0.7
0.6
1.1
Zaza Pachulia
BKN
21.9
6.1
2.2
4.8
1.5
2.1
0.0
0.1
6.3
1.4
0.7
0.3
1.3
Jermaine O'Neal
HOU
16.3
6.8
2.7
5.4
1.4
1.9
0.0
0.0
5
0.6
0.4
1.2
1.1
Randy Foye
NY
24.3
10.1
3.4
8.4
1.4
1.7
1.8
4.5
1.6
2.0
0.7
0.3
1.1
Jerryd Bayless
NO
21.1
7.4
2.8
6.5
1.0
1.3
0.7
2.1
2.4
3.6
0.8
0.2
1.5
Samuel Dalembert
GS
14.8
5.9
2.5
4.6
0.8
1.3
0.0
0.0
5.1
0.4
0.4
1.1
1.1
Michael Beasley
HOU
18.2
8.7
3.4
8.5
1.2
1.6
0.6
1.7
3.4
1.3
0.3
0.4
1.4
Jared Dudley
HOU
20.9
8.3
3.0
6.7
1.3
1.6
0.9
2.5
2.5
2.0
0.7
0.1
1.0
Kris Humphries
ATL
18.6
5.5
2.0
4.4
1.5
2.1
0.0
0.1
5.9
0.5
0.3
0.5
0.8
Carl Landry
MIL
17.2
7.7
2.8
5.4
2.0
2.5
0.1
0.1
4.4
0.6
0.3
0.4
1.1
DeMarre Carroll
NY
17.8
6.7
2.6
5.2
1.1
1.6
0.3
0.9
3.3
0.9
0.9
0.4
0.5
P.J. Tucker
HOU
23.4
6.0
2.4
5.4
0.8
1.1
0.4
1.1
4.1
1.3
0.7
0.3
0.7
A.J. Price
CHA
19.1
6.4
2.4
5.8
0.7
1.0
0.9
2.5
1.8
3.5
0.6
0.1
1.0
C.J. Watson
ATL
20.1
7.3
2.6
6.3
1.0
1.3
1.1
2.9
1.8
2.0
0.8
0.2
0.9
Iman Shumpert
UTAH
21.6
5.9
2.1
6.0
0.8
1.2
0.9
2.3
3
1.7
0.9
0.2
1.0
Patrick Beverley
PHX
14.6
5.1
1.7
3.9
0.8
1.2
0.8
1.8
2.3
2.6
0.9
0.3
1.0
Quincy Pondexter
NO
21.2
7.0
2.4
5.2
1.0
1.3
1.2
2.7
2.2
1.4
0.6
0.1
0.7
Mickael Gelabale
DEN
21.4
6.4
2.3
4.8
1.0
1.2
0.6
1.9
3.3
0.7
0.6
0.1
0.6
Enes Kanter
NY
14
6.2
2.6
4.8
1.0
1.5
0.0
0.0
4
0.4
0.4
0.5
1.3
Trevor Booker
CHA
16.7
5.0
2.1
4.5
0.5
1.1
0.0
0.2
4
0.8
0.6
0.4
0.8
Brendan Haywood
WSH
19
3.7
1.5
3.6
0.5
1.1
0.0
0.0
4.8
0.5
0.3
0.9
1.0
DeShawn Stevenson
BKN
22.2
6.0
2.1
5.1
0.3
0.6
1.4
3.7
2.5
1.1
0.5
0.1
0.4
Thomas Robinson
PHX
14.6
4.6
1.9
4.3
0.7
1.4
0.0
0.1
4.2
0.7
0.4
0.4
1.1
Festus Ezeli
MIL
16.4
3.1
1.3
2.7
0.6
1.1
0.0
0.0
4.3
0.4
0.4
1.1
0.9
Jeff Adrien
WSH
14.6
4.1
1.5
3.5
1.0
1.8
0.0
0.0
4.1
0.6
0.2
0.6
0.7
Francisco Garcia
PHX
16.5
5.2
1.9
4.8
0.4
0.5
0.9
2.5
1.8
0.9
0.7
0.6
0.5
Brian Roberts
MEM
14.3
6.2
2.3
5.5
0.9
1.1
0.6
1.6
1.1
2.2
0.5
0.1
0.9
Steve Novak
UTAH
19.6
6.4
2.1
5.0
0.5
0.6
1.6
3.8
2.1
0.6
0.4
0.1
0.2
Donatas Motiejunas
PHX
13
6.6
2.5
5.0
1.0
1.6
0.5
1.7
2.3
1.0
0.2
0.1
0.9
Jeffery Taylor
WSH
19.2
5.9
2.2
5.1
0.8
1.2
0.6
1.9
2
0.8
0.6
0.2
0.6
Marvin Williams
NY
17.2
5.5
2.0
4.8
0.8
1.1
0.6
1.7
2.4
0.7
0.4
0.4
0.6
Greg Smith
PHX
12.2
4.6
1.9
3.0
0.7
1.4
0.0
0.0
3.5
0.4
0.2
0.5
0.5
Earl Watson
NY
17.8
2.6
1.0
3.1
0.3
0.5
0.2
0.7
1.9
3.8
0.8
0.2
1.4
Darrell Arthur
NO
13.9
5.1
2.2
4.8
0.6
0.9
0.1
0.3
2.8
0.5
0.3
0.4
0.6
Garrett Temple
CHA
15.5
3.5
1.4
3.6
0.4
0.6
0.2
0.9
1.9
2.0
0.6
0.3
0.9
John Henson
GS
9.8
4.4
1.8
3.9
0.5
1.3
0.0
0.0
3.1
0.3
0.2
0.4
0.6
Kevin Seraphin
CHA
11.4
4.9
2.2
4.8
0.6
0.8
0.0
0.1
2.5
0.5
0.2
0.4
0.8
Greg Stiemsma
DEN
11.8
3.0
1.2
2.7
0.6
1.0
0.0
0.0
2.7
0.3
0.3
0.9
0.6
Jamaal Tinsley
NY
13.4
2.6
1.0
2.7
0.3
0.4
0.4
1.2
1.5
3.0
0.6
0.1
1.2
Austin Daye
NO
11.3
4.4
1.6
3.5
0.4
0.6
0.7
1.5
2
0.6
0.2
0.3
0.5
Marcus Morris
HOU
11.1
4.5
1.7
3.8
0.3
0.8
0.7
1.7
2.1
0.4
0.3
0.2
0.5
Brandon Rush
MIL
11.4
5.9
2.3
4.0
0.7
1.3
0.2
1.1
0.8
1.0
0.1
0.0
1.1
Jerry Stackhouse
ATL
14
4.9
1.7
4.6
0.6
0.8
0.8
2.2
0.9
0.9
0.3
0.1
0.7
Anthony Tolliver
BKN
11.1
3.5
1.2
3.0
0.4
0.6
0.6
1.5
1.8
0.4
0.2
0.2
0.4
Shelvin Mack
BKN
10.3
3.0
1.2
3.0
0.2
0.4
0.2
0.8
1.1
1.7
0.4
0.0
0.7
James White
UTAH
11.9
3.3
1.3
3.1
0.2
0.6
0.3
1.0
1.4
0.8
0.4
0.1
0.5
MarShon Brooks
ATL
8.6
3.8
1.4
3.2
0.5
1.0
0.2
0.6
0.8
0.8
0.3
0.1
0.7
Richard Jefferson
MIL
8.9
2.9
1.0
2.3
0.4
0.7
0.3
0.8
1.4
0.5
0.3
0.1
0.3
Dahntay Jones
BKN
9.9
2.9
0.9
2.4
0.5
0.9
0.3
0.9
1.1
0.5
0.2
0.1
0.3
Alec Burks
NY
7.7
2.9
1.1
2.6
0.3
0.9
0.2
0.6
1
0.7
0.2
0.1
0.5
Roger Mason
MEM
8.4
2.7
1.0
2.2
0.2
0.4
0.4
1.0
1
0.5
0.2
0.1
0.3
Lance Thomas
MEM
9.4
2.1
0.8
1.7
0.4
0.7
0.1
0.2
1.6
0.3
0.2
0.1
0.2
Ishmael Smith
GS
7.2
2.0
0.8
2.4
0.1
0.3
0.1
0.5
0.8
1.0
0.3
0.1
0.5
Andris Biedrins
MIL
6
0.8
0.3
0.6
0.1
0.3
0.0
0.0
1.9
0.1
0.2
0.4
0.3
Marquis Daniels
GS
6.6
2.1
0.8
2.1
0.1
0.4
0.1
0.5
0.8
0.4
0.3
0.1
0.3
Ekpe Udoh
GS
5.9
1.3
0.5
1.2
0.1
0.5
0.0
0.0
1.2
0.2
0.2
0.4
0.2
Kurt Thomas
UTAH
5.8
1.5
0.7
1.3
0.1
0.3
0.0
0.1
1.4
0.2
0.1
0.2
0.1
Shannon Brown
HOU
5.1
2.4
0.9
2.1
0.4
0.5
0.2
0.6
0.6
0.4
0.2
0.1
0.3
Tyrus Thomas
WSH
5.7
1.8
0.7
2.0
0.2
0.5
0.0
0.0
1.1
0.2
0.1
0.3
0.3
Kendall Marshall
HOU
8.1
1.8
0.7
1.8
0.1
0.2
0.2
0.7
0.5
1.3
0.2
0.0
0.7
Chris Singleton
CHA
5.9
1.5
0.6
1.5
0.1
0.4
0.1
0.2
1.1
0.2
0.3
0.1
0.2
Keith Bogans
ATL
7.6
1.9
0.7
1.6
0.1
0.2
0.4
1.2
0.8
0.4
0.2
0.0
0.3
Anthony Randolph
MIN
3.9
1.4
0.6
1.3
0.1
0.4
0.0
0.1
1
0.2
0.1
0.3
0.4
Draymond Green
MIL
4.2
1.0
0.4
1.1
0.1
0.3
0.0
0.2
1
0.2
0.2
0.1
0.2
Jannero Pargo
BKN
5.6
1.5
0.6
1.7
0.1
0.2
0.2
0.8
0.3
0.8
0.1
0.0
0.4
Chris Johnson
DEN
2.7
1.2
0.5
0.8
0.0
0.3
0.0
0.0
0.6
0.1
0.1
0.2
0.1
Chris Copeland
UTAH
3.3
1.8
0.7
1.4
0.1
0.4
0.2
0.5
0.4
0.1
0.1
0.0
0.2
Pablo Prigioni
UTAH
3.7
0.9
0.3
0.8
0.0
0.1
0.2
0.4
0.4
0.7
0.2
0.0
0.3
Ivan Johnson
BKN
2.8
1.1
0.5
0.9
0.0
0.4
0.0
0.0
0.7
0.1
0.1
0.1
0.2
Chris Johnson
NO
3.3
1.1
0.4
0.8
0.0
0.2
0.1
0.4
0.6
0.1
0.1
0.1
0.1
Jordan Hamilton
MIN
2.3
1.2
0.5
1.1
0.0
0.2
0.1
0.3
0.6
0.1
0.1
0.0
0.1
John Jenkins
BKN
3.7
1.4
0.5
1.2
0.1
0.3
0.2
0.6
0.4
0.2
0.0
0.0
0.1
Wesley Johnson
HOU
2.9
1.1
0.4
1.1
0.0
0.1
0.1
0.3
0.5
0.1
0.0
0.1
0.1
Jan Vesely
CHA
3.4
0.7
0.3
0.7
0.0
0.2
0.0
0.0
0.6
0.2
0.1
0.1
0.2
Xavier Henry
MEM
3.4
1.0
0.4
0.9
0.0
0.3
0.1
0.2
0.5
0.1
0.1
0.0
0.1
Reggie Williams
WSH
2.2
0.9
0.3
0.8
0.0
0.2
0.1
0.4
0.2
0.2
0.1
0.0
0.1
Marcus Camby
UTAH
1.8
0.4
0.1
0.4
0.0
0.1
0.0
0.0
0.5
0.1
0.0
0.1
0.1
Timofey Mozgov
MIN
1.5
0.5
0.2
0.3
0.0
0.1
0.0
0.0
0.4
0.0
0.0
0.1
0.1
DeSagana Diop
WSH
1.8
0.2
0.1
0.2
0.0
0.1
0.0
0.0
0.4
0.1
0.0
0.1
0.1
James Anderson
PHX
1.4
0.5
0.2
0.4
0.0
0.1
0.1
0.2
0.3
0.1
0.0
0.0
0.1
Tony Wroten
NO
1.5
0.5
0.2
0.5
0.0
0.2
0.0
0.1
0.2
0.2
0.0
0.0
0.1
Mirza Teletovic
ATL
1.4
0.5
0.2
0.5
0.0
0.1
0.1
0.3
0.3
0.1
0.0
0.0
0.1
Terrence Jones
PHX
1
0.4
0.1
0.4
0.0
0.1
0.0
0.1
0.2
0.1
0.0
0.0
0.0
Jon Leuer
NO
1.1
0.3
0.1
0.3
0.0
0.1
0.0
0.0
0.2
0.1
0.0
0.0
0.0
Diante Garrett
HOU
0.8
0.2
0.1
0.2
0.0
0.1
0.0
0.1
0.1
0.2
0.1
0.0
0.1
Evan Fournier
MIN
1.2
0.5
0.2
0.4
0.0
0.1
0.1
0.1
0.1
0.1
0.0
0.0
0.1
Johan Petro
BKN
0.9
0.3
0.1
0.3
0.0
0.0
0.0
0.0
0.3
0.0
0.0
0.0
0.1
Tim Ohlbrecht
PHX
0.6
0.3
0.1
0.2
0.0
0.1
0.0
0.0
0
0.1
0.1
0.0
0.1
Hamed Haddadi
HOU
0.8
0.2
0.1
0.2
0.0
0.0
0.0
0.0
0.2
0.0
0.0
0.0
0.0
Jeremy Evans
NY
0.5
0.2
0.1
0.1
0.0
0.1
0.0
0.0
0.2
0.0
0.0
0.0
0.0
Dexter Pittman
NO
0.3
0.1
0.0
0.1
0.0
0.0
0.0
0.0
0.2
0.0
0.0
0.0
0.0
Kent Bazemore
MIL
0.5
0.2
0.1
0.2
0.0
0.1
0.0
0.1
0.1
0.0
0.0
0.0
0.0
Julyan Stone
MIN
0.7
0.2
0.1
0.1
0.0
0.0
0.0
0.0
0.1
0.0
0.0
0.0
0.0
Tyshawn Taylor
ATL
0.6
0.2
0.1
0.2
0.0
0.1
0.0
0.0
0
0.1
0.0
0.0
0.1
Joel Przybilla
GS
0.5
0.1
0.0
0.1
0.0
0.0
0.0
0.0
0.1
0.0
0.0
0.0
0.0
Tyler Honeycutt
PHX
0.2
0.1
0.0
0.1
0.0
0.0
0.0
0.0
0.1
0.0
0.0
0.0
0.0
Luke Zeller
HOU
0.3
0.1
0.0
0.1
0.0
0.0
0.0
0.0
0
0.0
0.0
0.0
0.0
Cartier Martin
CHA
0.2
0.1
0.0
0.1
0.0
0.0
0.0
0.0
0
0.0
0.0
0.0
0.0
Hakim Warrick
WSH
0.2
0.1
0.0
0.1
0.0
0.0
0.0
0.0
0
0.0
0.0
0.0
0.0
Tornike Shengelia
ATL
0.4
0.1
0.0
0.1
0.0
0.0
0.0
0.0
0
0.0
0.0
0.0
0.0
Louis Williams
BKN
0.3
0.1
0.0
0.1
0.0
0.0
0.0
0.0
0
0.0
0.0
0.0
0.0
Gustavo Ayon
GS
0.1
0.0
0.0
0.0
0.0
0.0
0.0
0.0
0
0.0
0.0
0.0
0.0
Drew Gooden
GS
0.1
0.0
0.0
0.0
0.0
0.0
0.0
0.0
0
0.0
0.0
0.0
0.0
Royce White
PHX
0
0.0
0.0
0.0
0.0
0.0
0.0
0.0
0
0.0
0.0
0.0
0.0
Quincy Miller
MIN
0.1
0.0
0.0
0.0
0.0
0.0
0.0
0.0
0
0.0
0.0
0.0
0.0
Andrei Kirilenko
DEN
0
0.0
0.0
0.0
0.0
0.0
0.0
0.0
0
0.0
0.0
0.0
0.0
Nikola Pekovic
DEN
0
0.0
0.0
0.0
0.0
0.0
0.0
0.0
0
0.0
0.0
0.0
0.0
Kevin Love
DEN
0
0.0
0.0
0.0
0.0
0.0
0.0
0.0
0
0.0
0.0
0.0
0.0
Brandon Roy
DEN
0
0.0
0.0
0.0
0.0
0.0
0.0
0.0
0
0.0
0.0
0.0
0.0
Chase Budinger
DEN
0
0.0
0.0
0.0
0.0
0.0
0.0
0.0
0
0.0
0.0
0.0
0.0
Austin Rivers
MEM
0
0.0
0.0
0.0
0.0
0.0
0.0
0.0
0
0.0
0.0
0.0
0.0
Darius Miller
MEM
0.1
0.0
0.0
0.0
0.0
0.0
0.0
0.0
0
0.0
0.0
0.0
0.0
Josh McRoberts
WSH
0.2
0.0
0.0
0.0
0.0
0.0
0.0
0.0
0
0.0
0.0
0.0
0.0
Ramon Sessions
WSH
0
0.0
0.0
0.0
0.0
0.0
0.0
0.0
0
0.0
0.0
0.0
0.0
Kevin Murphy
NY
0.1
0.0
0.0
0.0
0.0
0.0
0.0
0.0
0
0.0
0.0
0.0
0.0
Kenyon Martin
UTAH
0.1
0.0
0.0
0.0
0.0
0.0
0.0
0.0
0
0.0
0.0
0.0
0.0
Raja Bell
NY
0
0.0
0.0
0.0
0.0
0.0
0.0
0.0
0
0.0
0.0
0.0
0.0
Mike Scott
BKN
0.1
0.0
0.0
0.0
0.0
0.0
0.0
0.0
0
0.0
0.0
0.0
0.0
Damion James
ATL
0
0.0
0.0
0.0
0.0
0.0
0.0
0.0
0
0.0
0.0
0.0
0.0
Jeremy Tyler
BKN
0.1
0.0
0.0
0.0
0.0
0.0
0.0
0.0
0
0.0
0.0
0.0
0.0
