LeBron James
NY
38.9
26.5
10.0
18.5
5.1
6.8
1.3
3.4
7.8
6.8
1.7
0.8
2.8
Kevin Durant
LAC
38.6
28.0
9.1
18.2
8.2
9.0
1.8
4.5
7.4
4.6
1.4
1.1
3.2
James Harden
DAL
39.2
26.9
8.2
18.2
8.5
10.0
2.0
5.6
5
5.9
1.8
0.4
3.6
Kobe Bryant
ATL
38.6
26.5
9.4
20.5
6.1
7.2
1.6
4.7
5.6
5.8
1.5
0.4
3.5
Russell Westbrook
LAC
35.7
22.4
7.9
18.4
5.4
6.7
1.3
3.6
5.2
7.3
1.8
0.3
3.3
Tim Duncan
DET
31.3
18.1
7.2
14.1
4.0
5.0
0.1
0.2
9.8
2.8
0.8
2.5
2.1
Carmelo Anthony
MIA
37.9
26.3
9.2
20.5
5.9
7.1
2.1
5.5
6.7
2.7
0.8
0.6
2.6
Dwight Howard
ATL
35.9
18.0
6.7
12.1
4.1
8.5
0.0
0.1
11.6
1.7
1.0
2.2
2.8
Josh Smith
LAL
36
17.8
7.3
15.6
2.2
4.3
0.7
2.0
9.4
4.0
1.3
1.9
3.0
Dwyane Wade
NY
35.8
22.4
8.5
16.9
4.7
6.4
0.5
1.5
5.6
4.8
1.6
0.8
2.8
Blake Griffin
OKC
33.3
19.2
7.5
14.5
3.8
5.8
0.2
0.5
9
3.9
1.5
0.7
2.5
Chris Paul
OKC
33.2
16.3
5.6
12.1
4.1
4.6
1.1
3.3
3.5
9.3
2.5
0.1
2.3
DeMarcus Cousins
CHA
32.5
17.6
6.7
14.2
4.0
5.4
0.1
0.4
9.8
2.9
1.5
0.8
2.9
Al Horford
LAL
36.3
16.7
7.2
13.6
2.0
3.4
0.1
0.4
9.8
2.9
0.9
1.0
2.0
Greg Monroe
SA
33.8
16.2
6.3
13.4
3.5
5.2
0.1
0.3
9.4
3.3
1.3
0.9
2.9
Paul George
CHI
37.8
16.9
6.1
14.6
2.9
3.6
1.9
5.1
7.2
4.5
1.8
0.6
2.9
Marc Gasol
ORL
34.6
14.4
5.4
10.9
3.9
4.5
0.1
0.2
8.8
3.3
1.1
1.8
1.9
David West
CHI
34.3
17.5
6.9
14.2
3.8
5.0
0.1
0.4
8.1
2.8
0.9
1.3
2.2
Jrue Holiday
WSH
37.9
18.2
7.2
16.1
2.9
3.8
1.0
3.0
4.1
7.8
1.5
0.4
3.6
Joakim Noah
IND
36.9
12.0
4.5
9.9
2.9
3.9
0.1
0.4
10.3
3.7
1.2
2.0
2.7
Chris Bosh
NY
34.6
17.7
6.9
12.9
3.5
4.3
0.5
1.4
7.6
1.7
1.0
1.4
1.8
Dirk Nowitzki
HOU
31.9
18.7
6.7
14.9
4.1
5.0
1.1
2.8
7.3
2.7
0.7
0.6
1.5
Kemba Walker
SAC
35.3
17.9
6.5
15.2
3.5
4.4
1.3
3.8
3.7
5.8
1.8
0.4
2.5
Zach Randolph
ORL
34.3
14.9
5.9
12.8
2.9
3.9
0.0
0.2
10.8
1.6
0.8
0.8
2.0
Carlos Boozer
IND
31.8
15.4
6.4
13.7
2.6
3.6
0.1
0.4
9.1
1.9
0.8
0.6
2.1
Thaddeus Young
WSH
35.3
14.7
6.3
12.7
1.6
2.9
0.2
0.7
7.4
1.6
1.6
0.8
1.2
Nikola Vucevic
MEM
32.3
12.2
5.3
10.6
1.4
2.1
0.0
0.1
10.7
1.5
0.7
1.1
1.6
O.J. Mayo
HOU
36
18.2
6.7
14.4
3.0
3.6
1.8
4.5
4
4.3
1.3
0.3
2.6
Serge Ibaka
LAC
31.5
13.7
5.6
10.2
2.4
3.1
0.2
0.6
8
0.6
0.4
2.5
1.5
J.R. Smith
MIA
34.4
17.0
6.2
15.4
2.8
3.7
1.6
4.7
4.8
3.3
1.2
0.3
1.7
Luol Deng
IND
38.7
15.9
5.9
13.8
3.4
4.1
0.8
2.5
6.6
2.7
1.1
0.4
2.1
Jeff Teague
LAL
34.9
15.1
5.6
12.2
2.9
3.3
1.1
2.8
2.9
7.1
1.6
0.3
3.0
Tyreke Evans
CHA
31.8
15.6
5.8
12.2
3.4
4.4
0.6
1.9
4.7
3.7
1.5
0.4
2.0
Chandler Parsons
DAL
36.3
15.1
5.8
12.3
1.8
2.5
1.8
4.7
5.6
3.6
1.2
0.4
1.9
Jeremy Lin
DAL
33.6
13.2
4.7
11.0
2.8
3.6
0.8
2.6
3.6
6.5
1.9
0.4
2.7
Tyson Chandler
MIA
32.4
10.7
4.0
6.2
2.8
4.1
0.0
0.0
10.7
0.9
0.6
1.3
1.3
John Wall
PHI
30.4
14.3
5.2
12.7
3.6
4.4
0.3
1.1
3.2
7.2
1.1
0.7
3.3
Mike Conley
ORL
34
13.7
4.9
11.1
2.7
3.2
1.3
3.4
3.1
6.0
2.1
0.3
2.3
Shawn Marion
HOU
30.4
12.2
5.1
10.4
1.7
2.0
0.3
1.1
8.4
2.5
1.0
0.7
1.7
Roy Hibbert
CHI
29.3
10.8
4.5
10.2
1.9
2.7
0.0
0.1
8.4
1.4
0.6
2.4
2.0
Byron Mullens
SAC
31.1
13.4
5.3
12.6
1.8
2.6
1.0
3.3
8
1.7
0.8
0.7
1.9
Nene Hilario
PHI
28.3
13.5
5.0
10.2
3.3
4.5
0.1
0.3
7
2.8
0.9
0.7
2.4
George Hill
CHI
35
14.9
5.4
11.9
2.7
3.3
1.5
3.9
4
4.6
1.0
0.3
1.9
Raymond Felton
MIA
33.4
14.9
5.8
14.1
1.9
2.4
1.2
3.5
2.9
5.9
1.2
0.1
2.2
Emeka Okafor
PHI
27.3
10.8
4.6
9.5
1.4
2.5
0.0
0.0
9
1.2
0.7
1.4
1.5
Omer Asik
DAL
29.6
10.2
4.0
7.4
2.2
4.0
0.0
0.0
10.6
1.0
0.6
1.2
2.1
Evan Turner
WSH
35.1
13.6
5.3
12.6
2.2
2.9
0.8
2.3
5.8
4.1
1.0
0.2
2.4
Arron Afflalo
MEM
36.6
16.8
6.2
14.3
3.1
3.7
1.2
3.7
4
3.2
0.8
0.2
2.3
Darren Collison
HOU
31.5
13.4
4.9
10.3
3.0
3.3
0.7
2.0
3.4
5.5
1.4
0.1
2.3
Ramon Sessions
SAC
29.3
15.5
5.1
11.7
4.7
5.6
0.8
2.2
3
4.4
0.9
0.1
1.9
Metta World Peace
ATL
34.5
13.1
4.6
11.4
2.1
2.8
1.7
4.9
5.5
1.5
1.6
0.6
1.5
Jamal Crawford
OKC
30.7
17.4
6.2
14.2
3.1
3.7
1.8
4.9
1.9
3.0
1.2
0.2
1.9
Steve Nash
ATL
33.1
12.7
4.7
9.5
2.1
2.3
1.2
3.0
3
7.1
0.8
0.1
2.8
Kawhi Leonard
DET
30.8
11.5
4.3
8.9
1.8
2.1
1.2
3.2
5.7
1.4
1.8
0.5
1.1
Manu Ginobili
DET
24.2
12.9
4.2
9.2
3.0
3.8
1.3
3.5
3.6
4.2
1.4
0.2
2.0
Bradley Beal
PHI
32.5
14.3
5.1
12.3
2.7
3.4
1.4
3.8
3.8
2.7
1.0
0.5
1.7
Jose Calderon
SA
29.2
11.7
4.4
9.3
1.4
1.5
1.6
3.7
2.6
6.7
0.8
0.1
1.8
Vince Carter
HOU
26.9
13.5
4.8
11.2
2.2
2.7
1.8
4.5
3.9
2.5
1.0
0.5
1.3
Gerald Henderson
SAC
29.6
14.1
5.2
12.0
3.0
3.7
0.7
1.9
3.8
2.3
1.0
0.4
1.5
Spencer Hawes
WSH
26.5
10.9
4.4
9.5
2.0
2.7
0.2
0.7
6.6
1.8
0.3
1.3
1.6
Brandon Knight
SA
32.2
14.0
5.0
12.1
2.3
3.1
1.5
4.1
3.4
4.5
0.8
0.1
2.7
Jason Thompson
CHA
28.4
11.1
4.5
9.0
2.0
2.9
0.0
0.1
7.3
1.0
0.5
0.8
1.4
Kyle Korver
LAL
31.3
11.8
4.0
8.6
1.4
1.6
2.5
5.5
4.2
2.1
1.1
0.4
1.0
DeAndre Jordan
OKC
24.7
9.0
3.6
6.3
1.5
3.5
0.0
0.0
7.3
0.5
0.7
1.4
1.3
Tiago Splitter
DET
24.3
10.2
3.8
6.6
2.6
3.5
0.0
0.1
6
1.3
0.8
0.9
1.1
Nate Robinson
IND
25.5
11.9
4.4
10.3
1.8
2.2
1.3
3.3
2.4
4.3
1.2
0.2
1.6
Rodney Stuckey
SA
29.5
12.9
4.5
11.3
2.8
3.6
0.9
3.1
3
3.6
0.7
0.2
1.8
Isaiah Thomas
CHA
27.6
13.2
4.4
10.2
3.3
3.7
1.2
3.5
2.3
4.0
0.8
0.1
1.8
Michael Kidd-Gilchrist
SAC
26.5
9.7
3.8
8.3
2.0
2.7
0.1
0.2
5.8
1.5
0.7
1.2
1.6
Patrick Patterson
CHA
26.3
11.5
4.7
9.4
1.3
1.8
0.7
1.9
5.5
1.1
0.4
0.7
1.0
Tobias Harris
MEM
27.5
11.8
4.5
9.4
2.6
3.0
0.5
1.4
5.1
1.3
0.6
0.6
1.4
Matt Barnes
OKC
25.3
10.2
3.9
8.2
1.4
1.9
1.0
3.0
5.1
1.4
1.0
0.8
1.2
Elton Brand
HOU
22.2
8.0
3.4
7.1
1.1
1.6
0.0
0.1
6.7
0.8
0.6
1.5
0.9
Kevin Martin
LAC
29.3
14.3
4.6
10.6
3.1
3.5
2.0
4.8
2.7
1.5
1.0
0.2
1.4
Tayshaun Prince
ORL
31.3
11.5
4.7
10.5
1.4
1.9
0.7
1.9
4.2
2.3
0.6
0.4
1.1
Amar'e Stoudemire
MIA
22.3
12.3
4.6
8.4
3.0
3.9
0.1
0.2
5.2
0.6
0.4
0.7
1.4
Jason Kidd
MIA
27.9
7.5
2.6
6.3
1.0
1.1
1.5
3.9
4.4
3.3
1.6
0.4
1.2
Trevor Ariza
PHI
27
9.3
3.4
8.3
1.6
1.9
1.0
3.1
4.4
2.2
1.5
0.4
1.6
Carlos Delfino
DAL
27.2
11.0
4.0
9.4
1.0
1.2
2.1
5.3
3.5
2.6
1.0
0.2
1.3
Tony Allen
ORL
27.8
9.1
3.6
8.1
1.5
2.0
0.4
1.3
4.7
1.4
1.5
0.6
1.2
Danny Green
DET
28.3
10.9
3.9
8.5
1.1
1.3
2.1
4.9
3.6
1.6
1.2
0.5
1.2
Earl Clark
ATL
24.1
8.5
3.5
7.4
1.1
1.7
0.4
1.2
6.4
1.1
0.6
0.7
1.1
Donatas Motiejunas
DAL
23.4
11.9
4.5
9.2
2.0
3.1
0.7
2.2
4.1
1.8
0.5
0.4
1.8
Bismack Biyombo
SAC
26.1
6.0
2.4
4.8
1.2
2.3
0.0
0.0
7.5
0.5
0.3
1.9
1.2
Marcus Thornton
CHA
25.1
12.8
4.5
10.8
1.9
2.3
1.8
4.8
2.7
1.5
0.9
0.1
1.1
Martell Webster
PHI
29.1
11.3
3.7
8.2
2.4
2.8
1.5
3.5
3.8
1.8
0.7
0.3
1.4
Taj Gibson
IND
23.4
7.9
3.3
6.8
1.3
1.9
0.0
0.1
5.7
0.9
0.4
1.6
1.3
John Salmons
CHA
29.6
9.7
3.5
8.3
1.3
1.7
1.2
3.1
3.1
3.1
0.9
0.4
1.3
Ben Gordon
SAC
22.9
12.9
4.8
11.1
1.8
2.2
1.5
3.7
2.1
2.5
0.6
0.3
1.8
Thabo Sefolosha
LAC
28.2
8.4
3.2
6.4
1.0
1.2
1.2
3.0
4.3
1.6
1.3
0.5
0.9
Mario Chalmers
NY
27
8.8
3.1
7.2
1.2
1.6
1.3
3.3
2.4
3.8
1.5
0.2
1.5
Eric Bledsoe
OKC
20.4
8.7
3.3
7.5
1.5
2.0
0.5
1.4
2.9
3.1
1.4
0.6
1.8
Lavoy Allen
WSH
25
7.3
3.2
6.7
1.0
1.4
0.0
0.0
6.2
1.0
0.4
0.9
0.9
Kirk Hinrich
IND
28.4
7.2
2.5
6.8
1.0
1.5
1.0
2.9
2.7
5.2
0.9
0.4
1.7
Zaza Pachulia
LAL
22.3
6.7
2.5
5.2
1.6
2.2
0.1
0.2
6.9
1.3
0.7
0.3
1.3
Jason Maxiell
SA
24.9
7.2
3.0
6.8
1.2
1.9
0.1
0.2
5.8
0.7
0.4
1.3
1.1
Ray Allen
NY
26.4
10.8
3.6
8.2
1.9
2.2
1.6
3.8
2.9
1.9
0.8
0.2
1.2
Lance Stephenson
CHI
28.8
8.5
3.4
7.7
0.8
1.2
0.9
2.8
3.7
2.7
1.0
0.2
1.3
Devin Harris
LAL
25.2
9.5
3.2
7.4
1.6
2.2
1.3
3.6
2.3
3.1
1.1
0.3
1.7
Nick Young
WSH
26.2
11.5
4.1
10.1
1.9
2.3
1.3
3.5
2.6
1.5
0.6
0.2
1.1
Kyle Singler
SA
28.2
9.4
3.6
8.1
1.4
1.7
0.9
2.4
4.3
1.2
0.6
0.4
1.2
Antawn Jamison
ATL
21.6
8.7
3.3
7.4
1.1
1.7
0.9
2.7
4.7
0.9
0.5
0.4
0.8
Kendrick Perkins
LAC
24.7
5.1
2.1
4.1
0.9
1.4
0.0
0.0
6.1
1.3
0.5
1.1
1.3
Richard Hamilton
IND
24.4
10.8
4.3
10.3
1.8
2.0
0.6
1.6
2.1
2.5
0.5
0.1
1.8
Caron Butler
OKC
25.2
10.2
3.8
8.9
1.2
1.5
1.4
3.9
3.1
1.1
0.6
0.2
1.1
Will Bynum
SA
19.5
9.6
3.8
8.3
1.6
2.1
0.4
1.4
1.6
3.5
0.7
0.1
1.8
Chauncey Billups
OKC
21.7
10.0
3.1
7.0
2.2
2.4
1.8
3.9
1.5
2.6
0.8
0.0
1.2
Dorell Wright
WSH
21.2
7.4
2.4
6.3
1.3
1.6
1.2
3.3
3.8
1.5
0.7
0.3
0.9
Andrew Nicholson
MEM
19.2
8.8
3.8
7.5
1.3
1.7
0.1
0.3
4
0.7
0.4
0.4
1.2
E'Twaun Moore
MEM
23.7
8.6
3.3
8.7
0.9
1.1
1.0
2.9
2.3
2.9
0.6
0.2
1.7
Lamar Odom
OKC
19.3
4.1
1.8
4.3
0.3
0.7
0.1
0.8
5.6
1.5
0.7
0.7
1.0
Maurice Harkless
MEM
21.6
6.0
2.6
5.6
0.7
1.2
0.2
0.8
4.2
0.8
0.9
0.7
0.7
Marco Belinelli
IND
24.9
9.6
3.3
8.1
2.0
2.4
1.0
2.8
2.1
1.7
0.6
0.1
1.2
Jerryd Bayless
ORL
20.2
6.9
2.6
6.2
1.0
1.3
0.6
2.0
2.2
3.5
0.8
0.2
1.5
Charlie Villanueva
SA
16.3
6.9
2.7
6.5
0.4
1.0
1.0
2.6
3.6
0.7
0.5
0.6
0.6
Thomas Robinson
DAL
17.1
5.6
2.3
5.3
0.9
1.5
0.0
0.2
5.1
0.8
0.5
0.5
1.2
Shane Battier
NY
25.3
6.9
2.4
5.5
0.7
0.9
1.5
3.7
3
0.8
0.5
0.7
0.5
Udonis Haslem
NY
20.7
4.4
1.9
3.8
0.7
1.1
0.0
0.0
6
0.6
0.5
0.3
0.7
Jimmy Butler
IND
22
6.7
2.4
5.4
1.6
1.9
0.4
1.5
3.4
1.0
0.8
0.2
0.7
Brandan Wright
HOU
14.4
6.2
2.7
4.6
0.8
1.5
0.0
0.0
3.5
0.6
0.3
0.9
0.6
Trevor Booker
PHI
17.8
5.0
2.0
4.4
0.8
1.4
0.0
0.2
4.6
0.8
0.6
0.5
0.9
Jeffery Taylor
SAC
22.3
7.1
2.6
5.9
1.0
1.4
0.8
2.2
2.4
1.2
0.8
0.3
0.8
Beno Udrih
MEM
19.2
6.7
2.7
6.2
0.7
1.0
0.5
1.8
1.9
3.6
0.4
0.0
1.4
Bernard James
HOU
15.2
4.6
1.9
3.6
0.9
1.4
0.0
0.1
4.4
0.3
0.4
1.2
0.7
James Johnson
CHA
16.4
5.3
2.2
5.1
0.8
1.3
0.1
0.3
3.2
1.0
0.7
1.0
1.2
Brendan Haywood
SAC
19.2
4.1
1.7
3.9
0.5
1.2
0.0
0.0
5
0.5
0.3
1.0
0.9
Kevin Seraphin
PHI
16.6
7.2
3.2
7.0
0.8
1.2
0.1
0.5
3.4
0.6
0.3
0.5
1.2
Quincy Pondexter
ORL
23.4
6.8
2.3
5.6
0.9
1.2
1.2
3.1
2.7
1.3
0.7
0.1
0.8
Nick Collison
LAC
18.6
5.0
2.1
3.6
0.7
0.9
0.1
0.3
4
1.2
0.6
0.4
0.9
Jeremy Pargo
WSH
19.1
7.8
2.9
7.1
1.2
1.8
0.7
2.2
1.5
2.6
0.4
0.1
1.5
Darrell Arthur
ORL
16.4
6.1
2.6
5.9
0.6
1.0
0.2
0.7
3.2
0.7
0.4
0.6
0.7
Jason Richardson
WSH
17.2
6.5
2.5
6.2
0.4
0.8
0.9
2.9
2.3
1.0
0.7
0.3
0.5
Jodie Meeks
ATL
18.2
7.5
2.6
6.4
1.0
1.2
1.2
3.4
2.1
0.8
0.7
0.1
0.7
Chris Kaman
HOU
12.9
6.5
2.8
5.6
0.5
1.0
0.0
0.1
3.5
0.5
0.2
0.5
0.9
DeShawn Stevenson
LAL
22.6
6.7
2.3
5.6
0.4
0.7
1.6
4.1
2.5
1.0
0.5
0.2
0.5
Francisco Garcia
DAL
18.3
5.5
2.1
5.5
0.6
0.7
0.9
2.6
2
1.1
0.8
0.7
0.6
Steve Blake
ATL
20.3
5.1
1.9
4.5
0.5
0.8
0.7
1.9
1.7
3.2
0.7
0.1
1.1
Ian Mahinmi
CHI
15.6
5.0
1.8
4.1
1.2
2.0
0.0
0.1
3.7
0.3
0.5
0.9
1.1
Ed Davis
ORL
13.1
5.2
2.2
4.0
0.8
1.4
0.0
0.0
3.4
0.6
0.2
0.7
0.5
Jimmer Fredette
CHA
15.3
7.7
2.6
6.3
1.4
1.7
0.9
2.3
1.1
1.6
0.4
0.1
1.0
Steve Novak
MIA
20.7
6.8
2.3
5.3
0.5
0.6
1.6
3.7
2.1
0.6
0.4
0.1
0.2
Iman Shumpert
MIA
19.9
4.9
1.7
5.5
0.7
1.0
0.7
2.0
2.8
1.5
0.7
0.1
0.9
Patrick Beverley
DAL
12.1
4.8
1.6
3.8
0.7
1.2
0.7
1.7
1.8
1.9
0.8
0.3
0.8
Ivan Johnson
LAL
12.4
5.3
2.1
4.3
0.8
1.7
0.0
0.2
3.1
0.7
0.6
0.2
1.0
Jeff Adrien
SAC
13.8
4.0
1.5
3.2
1.0
1.8
0.0
0.0
3.9
0.5
0.2
0.7
0.8
Chuck Hayes
CHA
16.1
2.8
1.1
2.7
0.5
0.8
0.0
0.0
4.2
1.2
0.5
0.3
0.7
Tyler Hansbrough
CHI
13.4
5.3
1.7
3.9
1.6
2.6
0.0
0.2
3.3
0.4
0.3
0.3
0.8
Jonas Jerebko
SA
13.6
5.0
1.9
4.7
0.7
1.2
0.4
1.3
2.8
0.7
0.6
0.1
0.5
Garrett Temple
PHI
17.8
4.0
1.6
4.2
0.6
0.9
0.2
1.1
2.1
2.1
0.6
0.4
1.0
Danny Granger
CHI
18
4.5
1.5
7.6
1.3
1.8
0.2
2.2
2.1
1.0
0.5
0.4
0.6
Austin Daye
ORL
12.2
4.6
1.7
3.6
0.4
0.6
0.7
1.5
2.3
0.7
0.3
0.3
0.5
Anthony Tolliver
LAL
15.6
4.2
1.6
4.0
0.6
0.8
0.5
1.5
2.9
0.5
0.3
0.3
0.6
Pablo Prigioni
MIA
13.8
3.6
1.3
3.0
0.4
0.5
0.6
1.5
1.5
2.4
0.7
0.0
1.0
D.J. Augustin
CHI
15.3
4.3
1.4
3.8
0.9
1.2
0.7
1.9
1.2
2.1
0.5
0.1
0.8
Andre Drummond
SA
8.2
3.0
1.3
2.3
0.2
0.9
0.0
0.0
2.9
0.2
0.4
0.7
0.4
Norris Cole
NY
16.7
4.7
1.9
4.8
0.5
0.8
0.3
1.2
1.4
1.6
0.5
0.1
1.0
Hedo Turkoglu
MEM
17.1
3.2
1.3
4.5
0.3
0.6
0.2
1.7
2.1
1.9
0.6
0.1
1.1
Derek Fisher
LAC
13.5
4.5
1.4
3.8
0.8
1.3
0.6
1.3
1
1.8
0.3
0.1
1.1
Aaron Brooks
CHA
11.3
4.4
1.6
3.6
0.3
0.7
0.5
1.4
0.9
1.3
0.4
0.1
0.7
John Jenkins
LAL
11.8
4.5
1.6
3.8
0.5
0.7
0.7
1.8
1.3
0.8
0.1
0.2
0.5
Matt Bonner
DET
11.5
3.6
1.4
3.0
0.1
0.3
0.6
1.4
2
0.4
0.3
0.1
0.2
Mike Miller
NY
12.7
3.4
1.3
3.1
0.2
0.2
0.7
1.9
1.7
1.0
0.3
0.1
0.4
Kwame Brown
WSH
10
1.8
0.8
1.7
0.2
0.6
0.0
0.0
2.8
0.4
0.3
0.4
0.3
Reggie Jackson
LAC
9.3
3.1
1.2
2.8
0.3
0.5
0.3
0.9
1.5
1.2
0.3
0.1
0.5
Rodrigue Beaubois
HOU
9.8
3.2
1.2
3.1
0.4
0.6
0.3
1.0
0.9
1.6
0.3
0.1
0.7
Toney Douglas
CHA
8.8
3.7
1.3
3.3
0.3
0.7
0.5
1.3
0.9
1.0
0.4
0.0
0.5
Kyle O'Quinn
MEM
6.7
2.4
1.0
1.9
0.3
0.7
0.0
0.0
2.1
0.3
0.2
0.4
0.3
Anthony Morrow
HOU
9
3.8
1.5
3.4
0.3
0.5
0.5
1.2
0.9
0.4
0.3
0.0
0.2
Viacheslav Kravtsov
SA
7.7
2.6
1.1
1.7
0.2
1.0
0.0
0.0
1.5
0.3
0.2
0.2
0.5
Hasheem Thabeet
LAC
7.8
1.6
0.7
1.1
0.2
0.5
0.0
0.0
2
0.1
0.2
0.5
0.5
Devin Ebanks
ATL
8.3
2.9
1.1
3.2
0.3
0.6
0.3
0.8
1.6
0.4
0.1
0.0
0.5
Orlando Johnson
CHI
7.1
2.3
0.8
1.8
0.3
0.6
0.4
0.8
1.2
0.5
0.1
0.1
0.3
Ryan Hollins
OKC
6.5
1.7
0.6
1.0
0.3
0.7
0.0
0.0
1.6
0.1
0.1
0.4
0.4
Kurt Thomas
MIA
5.9
1.6
0.7
1.3
0.1
0.3
0.0
0.0
1.4
0.2
0.2
0.2
0.1
Royal Ivey
WSH
9
2.2
0.8
1.9
0.1
0.3
0.4
1.0
1
0.4
0.2
0.1
0.3
Terrence Jones
DAL
5.2
1.8
0.7
1.7
0.2
0.4
0.1
0.3
1.1
0.3
0.2
0.2
0.2
Jae Crowder
HOU
6.2
2.0
0.7
1.8
0.1
0.4
0.3
0.9
0.9
0.4
0.3
0.0
0.3
Joel Anthony
NY
6.4
0.9
0.3
0.7
0.1
0.3
0.0
0.0
1.4
0.2
0.2
0.4
0.2
Tyrus Thomas
SAC
5.3
1.6
0.6
1.8
0.1
0.5
0.0
0.0
1.1
0.2
0.1
0.3
0.3
Greg Smith
DAL
4.2
1.5
0.6
1.1
0.1
0.4
0.0
0.0
1.3
0.1
0.1
0.2
0.2
DeJuan Blair
DET
3.8
1.5
0.6
1.2
0.1
0.4
0.0
0.0
1.1
0.2
0.2
0.1
0.2
Willie Green
OKC
6.3
2.1
0.8
1.9
0.1
0.2
0.3
0.9
0.5
0.3
0.1
0.1
0.2
Chris Singleton
PHI
4.8
1.2
0.5
1.1
0.1
0.3
0.0
0.2
1
0.1
0.2
0.1
0.2
Corey Maggette
SA
4.7
1.8
0.5
1.5
0.2
0.7
0.1
0.5
0.5
0.4
0.1
0.0
0.3
Jannero Pargo
LAL
5.2
1.5
0.5
1.6
0.1
0.2
0.2
0.8
0.4
0.8
0.1
0.0
0.4
Grant Hill
OKC
5.7
1.3
0.5
1.3
0.1
0.4
0.1
0.2
0.7
0.3
0.1
0.1
0.3
DeQuan Jones
MEM
4.6
1.3
0.5
1.3
0.0
0.2
0.1
0.3
0.7
0.2
0.1
0.1
0.2
Chris Johnson
ORL
3.7
1.3
0.5
1.0
0.0
0.2
0.1
0.4
0.7
0.1
0.1
0.1
0.1
Perry Jones III
LAC
3.7
1.1
0.5
1.2
0.0
0.1
0.1
0.2
0.8
0.2
0.1
0.1
0.2
Darius Morris
ATL
4.6
1.3
0.5
1.3
0.1
0.3
0.2
0.5
0.4
0.5
0.2
0.0
0.3
Ronnie Brewer
LAC
4.4
1.1
0.4
1.1
0.0
0.3
0.1
0.4
0.6
0.3
0.2
0.0
0.1
Dominique Jones
HOU
3.2
1.1
0.4
1.1
0.1
0.4
0.0
0.2
0.4
0.7
0.1
0.0
0.3
Chris Copeland
MIA
3.1
1.6
0.6
1.3
0.1
0.3
0.2
0.4
0.4
0.1
0.1
0.0
0.1
Travis Outlaw
CHA
3.2
1.3
0.5
1.2
0.1
0.3
0.1
0.3
0.6
0.1
0.1
0.0
0.1
Nazr Mohammed
IND
3.3
0.6
0.2
0.8
0.0
0.2
0.0
0.0
0.9
0.1
0.1
0.2
0.2
Sam Young
CHI
3.9
0.9
0.3
0.9
0.0
0.2
0.1
0.3
0.8
0.2
0.1
0.0
0.2
Robert Sacre
ATL
3.8
0.9
0.3
0.9
0.1
0.3
0.0
0.0
0.7
0.1
0.0
0.2
0.2
Doron Lamb
MEM
3.6
1.0
0.4
1.2
0.0
0.2
0.1
0.3
0.4
0.3
0.1
0.0
0.2
Jan Vesely
PHI
3.1
0.7
0.3
0.6
0.0
0.2
0.0
0.0
0.6
0.1
0.1
0.1
0.1
Patrick Mills
DET
2.6
1.1
0.4
0.9
0.0
0.1
0.2
0.4
0.3
0.2
0.1
0.0
0.1
Chris Andersen
NY
2.3
0.6
0.2
0.4
0.0
0.3
0.0
0.0
0.6
0.1
0.1
0.1
0.1
Khris Middleton
SA
3.1
1.1
0.4
1.0
0.1
0.4
0.1
0.3
0.2
0.2
0.1
0.0
0.1
Nando de Colo
DET
2.4
0.7
0.3
0.6
0.0
0.2
0.1
0.2
0.4
0.4
0.1
0.0
0.2
Mike James
HOU
2.7
0.9
0.3
1.0
0.0
0.1
0.1
0.3
0.2
0.4
0.1
0.0
0.2
Reggie Williams
SAC
2
0.9
0.3
0.7
0.0
0.2
0.1
0.3
0.3
0.2
0.1
0.0
0.1
Rashard Lewis
NY
2.3
0.8
0.3
0.7
0.0
0.1
0.1
0.3
0.4
0.1
0.1
0.0
0.1
DeSagana Diop
SAC
2
0.3
0.1
0.3
0.0
0.1
0.0
0.0
0.5
0.1
0.1
0.1
0.1
Ronny Turiaf
OKC
2
0.4
0.1
0.3
0.0
0.2
0.0
0.0
0.4
0.1
0.1
0.1
0.1
Kim English
SA
2.3
0.7
0.3
0.6
0.0
0.2
0.1
0.2
0.2
0.2
0.1
0.0
0.1
Arnett Moultrie
WSH
1.8
0.5
0.2
0.4
0.0
0.2
0.0
0.0
0.4
0.0
0.1
0.0
0.0
James Anderson
DAL
1.3
0.5
0.2
0.3
0.0
0.1
0.1
0.1
0.3
0.1
0.0
0.0
0.1
DeAndre Liggins
LAC
1.3
0.3
0.1
0.2
0.0
0.1
0.0
0.1
0.3
0.1
0.1
0.0
0.1
Dahntay Jones
LAL
2.3
0.6
0.2
0.5
0.0
0.2
0.1
0.2
0.2
0.1
0.0
0.0
0.1
Damien Wilkins
WSH
1.6
0.5
0.2
0.4
0.0
0.1
0.0
0.1
0.1
0.1
0.1
0.0
0.1
Jeff Pendergraph
CHI
1.2
0.5
0.2
0.4
0.0
0.1
0.0
0.0
0.3
0.0
0.0
0.0
0.1
Tony Wroten
ORL
1.3
0.5
0.2
0.4
0.0
0.1
0.0
0.1
0.1
0.2
0.0
0.0
0.1
Daequan Cook
IND
1.2
0.4
0.1
0.4
0.0
0.0
0.1
0.2
0.1
0.0
0.0
0.0
0.0
Cole Aldrich
CHA
1
0.2
0.1
0.2
0.0
0.1
0.0
0.0
0.3
0.0
0.0
0.0
0.1
Mike Scott
LAL
0.9
0.3
0.1
0.3
0.0
0.1
0.0
0.0
0.2
0.0
0.0
0.0
0.1
Johan Petro
LAL
0.7
0.2
0.1
0.2
0.0
0.0
0.0
0.0
0.2
0.0
0.0
0.0
0.0
Jon Leuer
ORL
0.9
0.2
0.1
0.2
0.0
0.1
0.0
0.0
0.1
0.1
0.0
0.0
0.0
Charles Jenkins
WSH
0.8
0.2
0.1
0.2
0.0
0.1
0.0
0.0
0.1
0.1
0.0
0.0
0.0
Ben Hansbrough
CHI
0.9
0.2
0.1
0.2
0.0
0.1
0.0
0.1
0.1
0.1
0.0
0.0
0.1
Marquis Teague
IND
0.9
0.2
0.1
0.3
0.0
0.0
0.0
0.1
0.1
0.1
0.0
0.0
0.1
Miles Plumlee
CHI
0.3
0.1
0.0
0.1
0.0
0.0
0.0
0.0
0.2
0.0
0.0
0.0
0.0
James White
MIA
0.6
0.2
0.1
0.2
0.0
0.0
0.0
0.1
0.1
0.0
0.0
0.0
0.0
Dexter Pittman
ORL
0.2
0.1
0.0
0.1
0.0
0.0
0.0
0.0
0.1
0.0
0.0
0.0
0.0
Daniel Orton
LAC
0.4
0.1
0.0
0.1
0.0
0.1
0.0
0.0
0.1
0.0
0.0
0.0
0.0
Aron Baynes
DET
0.4
0.1
0.1
0.1
0.0
0.0
0.0
0.0
0.1
0.0
0.0
0.0
0.1
Louis Williams
LAL
0.2
0.1
0.0
0.1
0.0
0.0
0.0
0.0
0
0.0
0.0
0.0
0.0
Gerald Green
CHI
0.2
0.1
0.0
0.1
0.0
0.0
0.0
0.0
0
0.0
0.0
0.0
0.0
Vladimir Radmanovic
IND
0.3
0.1
0.0
0.1
0.0
0.0
0.0
0.0
0
0.0
0.0
0.0
0.0
Tyler Honeycutt
DAL
0.3
0.1
0.0
0.1
0.0
0.0
0.0
0.0
0
0.0
0.0
0.0
0.0
Hakim Warrick
SAC
0.2
0.1
0.0
0.1
0.0
0.0
0.0
0.0
0
0.0
0.0
0.0
0.0
Al Harrington
MEM
0.1
0.1
0.0
0.1
0.0
0.0
0.0
0.0
0
0.0
0.0
0.0
0.0
Cartier Martin
PHI
0.2
0.1
0.0
0.1
0.0
0.0
0.0
0.0
0
0.0
0.0
0.0
0.0
James Jones
NY
0.3
0.1
0.0
0.1
0.0
0.0
0.0
0.1
0
0.0
0.0
0.0
0.0
Chris Duhon
ATL
0.2
0.0
0.0
0.0
0.0
0.0
0.0
0.0
0
0.0
0.0
0.0
0.0
Jeremy Tyler
LAL
0.1
0.0
0.0
0.0
0.0
0.0
0.0
0.0
0
0.0
0.0
0.0
0.0
Pau Gasol
ATL
0
0.0
0.0
0.0
0.0
0.0
0.0
0.0
0
0.0
0.0
0.0
0.0
Jordan Hill
ATL
0
0.0
0.0
0.0
0.0
0.0
0.0
0.0
0
0.0
0.0
0.0
0.0
Derrick Rose
IND
0.1
0.0
0.0
0.0
0.0
0.0
0.0
0.0
0
0.0
0.0
0.0
0.0
Boris Diaw
DET
0
0.0
0.0
0.0
0.0
0.0
0.0
0.0
0
0.0
0.0
0.0
0.0
Stephen Jackson
DET
0
0.0
0.0
0.0
0.0
0.0
0.0
0.0
0
0.0
0.0
0.0
0.0
Tony Parker
DET
0
0.0
0.0
0.0
0.0
0.0
0.0
0.0
0
0.0
0.0
0.0
0.0
Gary Neal
DET
0
0.0
0.0
0.0
0.0
0.0
0.0
0.0
0
0.0
0.0
0.0
0.0
Cory Joseph
DET
0.1
0.0
0.0
0.0
0.0
0.0
0.0
0.0
0
0.0
0.0
0.0
0.0
Tim Ohlbrecht
DAL
0
0.0
0.0
0.0
0.0
0.0
0.0
0.0
0
0.0
0.0
0.0
0.0
Royce White
DAL
0.1
0.0
0.0
0.0
0.0
0.0
0.0
0.0
0
0.0
0.0
0.0
0.0
Jared Cunningham
HOU
0
0.0
0.0
0.0
0.0
0.0
0.0
0.0
0
0.0
0.0
0.0
0.0
